1
1
5
8
9
20
22
29
37
40
41
50
57
58
63
67
71
75
77
77
80
82
82
84
90
97
100
107
110
118
123
123
127
133
134
139
140
140
141
142
146
146
158
160
161
162
162
165
170
173
177
183
185
189
191
198
201
204
207
207
213
214
214
216
219
221
221
223
223
227
238
238
239
240
245
245
247
249
255
258
264
264
264
266
266
267
267
268
278
278
281
283
283
299
307
307
315
316
323
327
327
331
337
337
338
348
355
362
367
368
373
380
380
381
382
388
395
398
404
412
412
416
421
423
424
427
430
437
440
456
460
463
466
470
471
482
487
489
495
496
501
503
516
532
533
533
534
535
538
540
541
542
543
543
544
546
546
548
550
553
558
560
560
564
567
568
571
571
572
573
582
586
586
590
590
592
592
596
602
604
606
609
609
620
623
624
625
626
631
632
633
635
636
641
642
643
647
653
654
654
656
656
658
663
664
667
669
670
672
672
675
675
677
682
682
687
688
690
693
694
699
704
709
715
717
719
726
727
729
742
748
750
754
757
760
761
763
764
774
774
777
777
778
779
780
783
783
787
790
806
809
812
813
816
820
823
824
825
825
828
828
833
840
841
843
844
844
845
851
852
853
863
864
868
870
872
877
878
882
882
886
886
889
895
897
902
904
910
917
917
917
923
927
928
929
929
933
937
944
948
949
949
952
954
954
955
955
958
958
959
960
963
964
966
969
973
975
981
988
990
998
1005
1015
1015
1015
1021
1029
1032
1036
1036
1036
1037
1038
1040
1044
1048
1048
1050
1053
1055
1057
1061
1062
1062
1064
1069
1084
1087
1089
1103
1108
1116
1117
1117
1121
1125
1125
1127
1129
1130
1130
1132
1133
1135
1136
1137
1140
1145
1146
1156
1156
1163
1164
1165
1174
1175
1178
1180
1181
1184
1200
1207
1212
1213
1214
1217
1227
1233
1235
1242
1242
1242
1248
1250
1252
1253
1255
1261
1268
1268
1270
1276
1283
1286
1290
1297
1304
1306
1312
1318
1319
1320
1330
1332
1333
1334
1340
1341
1349
1354
1354
1355
1358
1364
1366
1368
1374
1374
1375
1382
1383
1384
1385
1385
1386
1389
1389
1402
1406
1409
1416
1421
1421
1422
1432
1433
1449
1452
1453
1454
1457
1460
1462
1462
1463
1463
1463
1466
1467
1472
1473
1476
1479
1479
1480
1483
1485
1560
1653
1486
1596
1540
1625
1527
1513
1589
1488
1534
1551
1639
1554
1516
1580
1563
1531
1625
1518
1560
1591
1650
1542
1558
1521
1635
1581
1547
1522
1570
1585
1623
1486
1632
1526
1611
1622
1519
1613
1656
1563
1494
1505
1499
1565
1505
1519
1640
1641
1485
1631
1598
1591
1513
1541
1661
1662
1668
1668
1674
1677
1685
1694
1694
1700
1715
1718
1719
1720
1722
1722
1730
1731
1733
1741
1748
1751
1751
1755
1755
1757
1760
1760
1761
1766
1772
1773
1775
1776
1777
1779
1780
1787
1793
1793
1797
1797
1799
1799
1799
1851
2060
1814
1816
1858
1840
1944
2029
1902
2026
1947
1886
1848
1800
1944
1949
2017
1847
1929
1825
1813
2064
1892
2042
1814
1962
2034
1800
2043
1840
1887
1955
2060
1856
1805
2000
1820
1810
1811
1998
1860
2024
1851
1925
2039
1855
1843
1891
1846
2031
1818
1979
1946
2041
1890
1941
1819
1887
1892
1885
1941
1875
1971
1982
2027
2006
1830
2065
1862
2055
1894
2060
1910
1977
2060
2068
1897
1932
1879
2032
2027
2069
2005
2070
2072
2075
2075
2076
2076
2080
2082
2085
2087
2094
2098
2101
2103
2107
2108
2109
2113
2116
2121
2128
2134
2134
2136
2139
2143
2147
2147
2148
2150
2157
2163
2164
2164
2170
2181
2184
2185
2186
2189
2190
2191
2196
2196
2196
2208
2208
2213
2215
2218
2220
2224
2228
2228
2233
2235
2235
2236
2244
2245
2249
2261
2262
2264
2265
2266
2275
2284
2293
2295
2297
2299
2301
2301
2306
2313
2314
2319
2322
2330
2331
2335
2337
2337
2340
2341
2342
2342
2343
2343
2350
2351
2356
2364
2367
2373
2373
2373
2373
2381
2385
2389
2390
2392
2395
2396
2406
2408
2418
2419
2419
2419
2420
2421
2422
2423
2427
2428
2428
2432
2441
2457
2457
2463
2463
2465
2467
2468
2473
2480
2496
2497
2499
2503
2521
2532
2533
2533
2536
2544
2545
2547
2552
2558
2559
2560
2561
2563
2564
2566
2570
2571
2573
2588
2590
2591
2593
2594
2598
2601
2606
2608
2615
2617
2622
2627
2631
2633
2633
2644
2655
2656
2662
2665
2666
2673
2679
2682
2686
2687
2690
2697
2698
2699
2700
2703
2707
2708
2708
2715
2717
2720
2722
2722
2724
2725
2735
2735
2737
2745
2747
2750
2753
2755
2758
2758
2758
2761
2766
2767
2769
2772
2773
2775
2781
2783
2786
2788
2793
2794
2798
2804
2817
2817
2828
2833
2833
2836
2841
2844
2848
2848
2851
2855
2858
2861
2863
2865
2873
2874
2874
2877
2881
2882
2885
2888
2895
2898
2898
2902
2908
2909
2914
2917
2919
2922
2923
2925
2926
2938
2945
2945
2948
2954
2959
2959
2960
2962
2965
2971
2973
2974
2982
2989
2995
2996
2997
3003
3012
3013
3015
3033
3034
3035
3037
3039
3040
3047
3052
3053
3057
3071
3071
3080
3088
3088
3091
3094
3100
3102
3102
3105
3106
3108
3116
3120
3121
3123
3123
3124
3127
3135
3136
3137
3137
3138
3139
3141
3145
3146
3147
3148
3153
3156
3156
3157
3159
3160
3160
3164
3164
3168
3171
3172
3174
3177
3179
3179
3181
3184
3189
3189
3191
3192
3194
3202
3208
3212
3212
3215
3217
3222
3224
3225
3228
3230
3230
3233
3234
3235
3245
3246
3247
3249
3251
3253
3256
3259
3262
3263
3268
3270
3272
3272
3279
3283
3283
3284
3285
3286
3286
3289
3289
3294
3295
3295
3296
3299
3307
3311
3313
3318
3320
3324
3331
3335
3335
3342
3345
3350
3354
3354
3359
3367
3369
3372
3377
3377
3384
3385
3389
3396
3397
3397
3400
3400
3400
3407
3415
3417
3421
3423
3424
3430
3437
3441
3444
3448
3451
3457
3464
3467
3471
3471
3472
3473
3474
3477
3480
3481
3485
3486
3487
3490
3492
3497
3503
3507
3508
3530
3531
3532
3536
3539
3540
3543
3547
3550
3550
3552
3555
3564
3564
3566
3571
3573
3576
3585
3586
3590
3592
3593
3597
3606
3614
3617
3618
3619
3625
3627
3631
3633
3635
3640
3642
3644
3644
3644
3646
3651
3655
3656
3657
3665
3667
3668
3671
3672
3679
3680
3681
3688
3691
3694
3703
3703
3708
3710
3716
3720
3723
3735
3747
3752
3754
3758
3761
3768
3769
3773
3784
3793
3799
3803
3804
3807
3809
3809
3822
3823
3827
3834
3843
3843
3859
3861
3864
3864
3866
3867
3869
3872
3872
3874
3877
3881
3882
3891
3902
3909
3909
3919
3919
3920
3922
3926
3927
3927
3934
3945
3946
3946
3948
3954
3957
3957
3967
3973
3978
3979
3983
3986
3987
3988
3988
3992
4000
4000
4002
4004
4008
4012
4016
4024
4028
4030
4031
4035
4036
4041
4042
4043
4046
4047
4048
4051
4058
4059
4059
4061
4061
4061
4062
4065
4073
4074
4075
4076
4079
4081
4081
4089
4090
4094
4102
4104
4105
4117
4117
4120
4127
4128
4128
4131
4132
4133
4136
4137
4146
4160
4160
4167
4169
4172
4173
4173
4183
4187
4189
4195
4197
4207
4210
4211
4212
4213
4222
4226
4227
4230
4230
4234
4235
4246
4249
4251
4252
4256
4257
4258
4260
4273
4282
4284
4286
4287
4293
4297
4301
4302
4303
4314
4324
4326
4334
4339
4348
4349
4353
4356
4369
4373
4377
4378
4384
4391
4392
4400
4410
4416
4432
4438
4439
4451
4453
4453
4455
4456
4461
4463
4466
4471
4477
4480
4484
4492
4493
4494
4495
4504
4504
4504
4504
4506
4506
4509
4515
4518
4522
4523
4530
4531
4533
4534
4539
4542
4549
4550
4553
4558
4558
4561
4561
4564
4565
4567
4570
4571
4572
4576
4580
4581
4582
4585
4585
4590
4591
4592
4600
4601
4607
4609
4618
4618
4620
4621
4625
4626
4626
4627
4633
4635
4644
4649
4655
4665
4666
4671
4677
4682
4688
4689
4691
4698
4699
4699
4700
4701
4706
4707
4713
4717
4718
4729
4731
4732
4734
4737
4742
4749
4750
4753
4753
4756
4756
4760
4776
4776
4788
4792
4793
4793
4798
4801
4802
4804
4804
4805
4806
4808
4815
4820
4822
4828
4839
4843
4844
4852
4857
4858
4858
4862
4868
4869
4871
4876
4892
4898
4900
4900
4901
4905
4907
4922
4923
4926
4932
4938
4939
4940
4945
4946
4955
4959
4969
4970
4975
4979
4980
4984
4985
4988
4990
4990
4993
4995
4995
4998
4998
4999
5007
5018
5020
5020
5022
5024
5032
5032
5034
5241
5318
5326
5079
5208
5253
5257
5170
5292
5191
5274
5206
5263
5267
5213
5213
5390
5227
5106
5210
5297
5333
5143
5298
5233
5324
5312
5126
5227
5078
5319
5421
5204
5242
5047
5100
5127
5276
5380
5133
5294
5174
5259
5126
5326
5266
5115
5345
5370
5498
5174
5230
5227
5358
5132
5193
5299
5065
5298
5194
5057
5170
5542
5502
5536
5078
5181
5378
5338
5269
5425
5578
5230
5178
5110
5328
5057
5189
5049
5168
5201
5278
5363
5218
5242
5096
5281
5166
5496
5456
5464
5310
5169
5236
5478
5535
5488
5317
5343
5061
5232
5398
5337
5215
5369
5395
5313
5420
5040
5432
5407
5593
5590
5065
5548
5456
5405
5372
5590
5525
5587
5382
5486
5562
5494
5442
5479
5497
5376
5423
5382
5524
5406
5447
5384
5413
5563
5393
5398
5557
5456
5567
5539
5572
5519
5372
5496
5481
5498
5483
5593
5600
5603
5603
5606
5607
5609
5620
5622
5626
5630
5631
5633
5634
5636
5637
5640
5644
5644
5645
5646
5651
5652
5656
5663
5665
5669
5671
5676
5676
5679
5680
5681
5682
5682
5682
5685
5692
5696
5697
5698
5699
5705
5705
5710
5714
5719
5727
5727
5727
5727
5731
5732
5740
5741
5743
5744
5746
5754
5757
5758
5759
5759
5760
5761
5761
5765
5766
5774
5774
5776
5779
5781
5782
5783
5795
5795
5798
5800
5802
5806
5811
5813
5814
5816
5818
5824
5825
5828
5829
5830
5831
5832
5834
5835
5835
5837
5839
5840
5841
5842
5845
5854
5857
5860
5863
5866
5867
5871
5872
5880
5882
5885
5887
5888
5891
5892
5896
5905
5914
5919
5921
5923
5924
5924
5926
5926
5932
5933
5934
5935
5936
5940
5950
5951
5951
5952
5952
5953
5955
5960
5961
5961
5961
5961
5962
5963
5963
5970
5971
5980
5982
5982
5985
5985
5986
5989
5989
5991
5992
6005
6007
6009
6010
6010
6013
6014
6018
6021
6037
6037
6041
6041
6046
6048
6052
6060
6064
6065
6066
6076
6077
6077
6079
6080
6081
6083
6099
6106
6107
6111
6118
6120
6121
6123
6128
6133
6133
6137
6138
6146
6147
6147
6149
6153
6153
6153
6155
6159
6159
6169
6169
6171
6173
6175
6177
6184
6188
6190
6192
6197
6199
6202
6205
6215
6220
6225
6226
6230
6231
6234
6237
6237
6246
6246
6246
6248
6254
6256
6256
6256
6257
6257
6259
6276
6277
6286
6286
6288
6289
6292
6294
6297
6298
6299
6299
6303
6304
6307
6313
6313
6316
6324
6326
6333
6344
6345
6345
6347
6347
6351
6353
6358
6358
6369
6369
6373
6374
6388
6391
6394
6397
6402
6403
6406
6407
6429
6429
6437
6441
6442
6443
6444
6449
6452
6457
6462
6467
6469
6470
6471
6474
6475
6478
6482
6486
6496
6498
6504
6512
6514
6522
6529
6529
6531
6534
6543
6544
6549
6550
6559
6565
6569
6569
6572
6572
6576
6577
6578
6585
6587
6588
6590
6595
6602
6602
6609
6613
6614
6618
6620
6621
6621
6625
6625
6633
6634
6638
6640
6641
6647
6649
6649
6652
6654
6655
6656
6660
6666
6672
6673
6675
6676
6685
6686
6686
6687
6687
6690
6690
6696
6697
6698
6702
6706
6709
6709
6709
6710
6713
6715
6718
6719
6723
6729
6732
6739
6740
6741
6742
6744
6747
6748
6750
6752
6755
6759
6759
6764
6765
6772
6774
6775
6786
6789
6792
6792
6792
6793
6793
6794
6795
6806
6807
6813
6813
6815
6827
6828
6831
6835
6849
6850
6856
6861
6863
6866
6869
6870
6870
6870
6877
6882
6889
6892
6894
6898
6900
6903
6907
6910
6911
6915
6925
6927
6931
6935
6937
6937
6938
6944
6944
6945
6947
6948
6952
6952
6956
6960
6964
6972
6980
6996
7001
7002
7002
7006
7014
7018
7018
7022
7025
7027
7029
7037
7039
7041
7046
7047
7047
7048
7053
7054
7055
7057
7060
7065
7067
7074
7085
7086
7086
7088
7088
7094
7107
7108
7108
7109
7109
7118
7119
7121
7124
7125
7128
7131
7133
7136
7136
7145
7147
7147
7160
7163
7173
7178
7178
7181
7183
7186
7188
7190
7190
7190
7197
7200
7200
7201
7203
7205
7212
7217
7221
7224
7229
7234
7237
7241
7243
7245
7245
7247
7247
7256
7264
7269
7270
7271
7276
7278
7280
7282
7283
7284
7287
7287
7288
7290
7297
7298
7303
7316
7326
7342
7352
7356
7357
7360
7363
7363
7365
7369
7370
7372
7372
7376
7378
7382
7382
7383
7387
7389
7391
7394
7399
7401
7405
7405
7416
7418
7421
7423
7429
7438
7444
7446
7447
7447
7457
7460
7460
7470
7478
7486
7492
7493
7494
7494
7495
7499
7499
7503
7506
7514
7515
7516
7517
7521
7521
7531
7531
7536
7539
7541
7543
7549
7550
7551
7557
7561
7568
7570
7571
7571
7572
7575
7584
7589
7595
7595
7600
7601
7603
7603
7608
7608
7610
7614
7618
7624
7624
7625
7631
7633
7633
7636
7636
7637
7637
7640
7644
7650
7654
7654
7656
7669
7671
7671
7673
7676
7679
7680
7680
7682
7692
7696
7698
7702
7703
7704
7705
7706
7708
7713
7719
7719
7728
7746
7748
7754
7772
7774
7776
7785
7790
7795
7801
7801
7802
7802
7804
7806
7810
7814
7817
7817
7824
7827
7827
7829
7831
7833
7840
7840
7844
7845
7850
7854
7856
7859
7867
7875
7878
7883
7889
7889
7890
7894
7895
7897
7899
7903
7906
7906
7907
7908
7909
7917
7920
7923
7924
7942
7946
7950
7959
7960
7961
7962
7963
7965
7968
7969
7970
7974
7975
7976
7977
7977
7980
7981
7983
7985
7989
7992
7994
7995
7996
7996
7996
7997
8003
8005
8005
8018
8020
8022
8022
8029
8035
8036
8042
8053
8054
8059
8060
8065
8065
8069
8070
8071
8076
8077
8077
8084
8084
8097
8104
8104
8106
8108
8115
8123
8128
8132
8138
8138
8142
8151
8152
8158
8160
8163
8169
8170
8172
8173
8178
8180
8185
8193
8198
8198
8199
8199
8200
8202
8214
8217
8218
8226
8226
8233
8235
8239
8242
8249
8249
8261
8261
8272
8274
8277
8280
8287
8298
8299
8306
8314
8316
8318
8320
8327
8339
8341
8343
8346
8352
8353
8354
8355
8356
8359
8362
8363
8364
8364
8365
8367
8375
8390
8402
8403
8405
8407
8408
8410
8418
8424
8425
8427
8431
8432
8433
8434
8435
8438
8447
8448
8449
8454
8467
8467
8470
8473
8485
8486
8492
8494
8496
8497
8506
8520
8521
8527
8530
8535
8537
8542
8543
8546
8550
8553
8556
8557
8561
8561
8565
8565
8576
8585
8588
8589
8593
8596
8598
8600
8605
8605
8614
8615
8617
8618
8622
8638
8638
8649
8650
8653
8654
8655
8659
8667
8667
8668
8669
8671
8677
8686
8689
8689
8691
8696
8700
8702
8706
8709
8717
8720
8725
8726
8732
8737
8738
8743
8749
8750
8751
8756
8757
8760
8763
8765
8768
8770
8772
8772
8779
8788
8789
8790
8796
8797
8808
8810
8818
8818
8819
8820
8822
8824
8825
8828
8832
8836
8840
8846
8847
8852
8853
8859
8863
8866
8868
8870
8870
8872
8872
8876
8877
8880
8881
8882
8882
8886
8889
8893
8903
8905
8908
8914
8920
8937
8950
8952
8956
8960
8965
8967
8971
8971
8975
8975
8976
8977
8979
8979
8980
8980
8982
8983
8986
8991
8995
8996
9001
9011
9016
9016
9029
9030
9030
9036
9037
9039
9042
9055
9056
9057
9062
9070
9075
9085
9087
9088
9092
9101
9106
9107
9108
9113
9121
9125
9130
9131
9134
9135
9136
9137
9143
9154
9158
9161
9170
9176
9177
9177
9178
9187
9188
9189
9196
9198
9199
9199
9202
9203
9205
9216
9224
9229
9231
9236
9238
9238
9242
9251
9254
9254
9258
9258
9262
9272
9274
9282
9282
9282
9286
9286
9286
9287
9287
9290
9295
9299
9304
9307
9308
9309
9309
9310
9315
9318
9320
9322
9324
9325
9325
9327
9328
9330
9330
9339
9343
9346
9353
9357
9371
9372
9374
9375
9379
9380
9390
9393
9397
9397
9397
9399
9402
9405
9408
9408
9411
9411
9412
9421
9423
9424
9425
9427
9429
9430
9436
9443
9444
9447
9449
9450
9451
9453
9456
9461
9468
9468
9469
9470
9471
9472
9472
9474
9474
9481
9495
9510
9511
9519
9529
9531
9540
9542
9542
9547
9549
9551
9560
9562
9564
9565
9577
9578
9581
9581
9585
9585
9586
9589
9589
9592
9593
9594
9596
9604
9605
9608
9613
9615
9620
9624
9630
9631
9633
9633
9639
9641
9641
9646
9647
9648
9654
9656
9665
9666
9668
9670
9671
9671
9671
9672
9672
9681
9688
9691
9694
9695
9695
9696
9697
9699
9704
9709
9709
9711
9713
9713
9725
9728
9734
9736
9740
9742
9745
9748
9751
9752
9754
9755
9755
9758
9761
9763
9766
9768
9769
9771
9774
9782
9783
9791
9794
9794
9794
9795
9797
9801
9809
9811
9813
9814
9815
9820
9827
9829
9836
9840
9840
9844
9856
9858
9859
9863
9863
9868
9875
9876
9879
9880
9889
9899
9900
9905
9905
9912
9917
9917
9919
9920
9926
9937
9941
9942
9945
9949
9950
9952
9955
9959
9959
9961
9964
9965
9966
9969
9975
9977
9981
9985
9987
9992
9994
9996
9997
10001
10001
10003
10006
10012
10012
10014
10018
10020
10021
10028
10032
10033
10035
10036
10043
10049
10050
10051
10051
10053
10055
10064
10065
10066
10071
10075
10081
10086
10092
10093
10093
10094
10101
10101
10104
10105
10107
10109
10110
10111
10115
10118
10128
10133
10137
10151
10153
10155
10156
10160
10160
10160
10163
10170
10173
10175
10194
10208
10211
10212
10212
10214
10216
10219
10224
10224
10232
10240
10240
10244
10245
10246
10254
10269
10270
10272
10274
10279
10283
10295
10302
10306
10309
10313
10314
10314
10320
10325
10329
10347
10370
10373
10382
10388
10392
10395
10395
10396
10396
10399
10403
10403
10405
10405
10409
10415
10417
10418
10427
10429
10435
10440
10440
10441
10441
10445
10449
10454
10455
10455
10464
10465
10476
10477
10479
10481
10483
10488
10489
10494
10494
10503
10505
10506
10516
10523
10524
10525
10525
10525
10526
10529
10530
10539
10543
10545
10547
10549
10552
10553
10554
10556
10557
10559
10565
10569
10571
10579
10580
10581
10582
10594
10594
10598
10598
10601
10601
10601
10607
10608
10608
10609
10610
10611
10621
10625
10626
10640
10643
10651
10656
10657
10658
10659
10659
10660
10666
10666
10669
10671
10676
10685
10686
10686
10687
10687
10691
10698
10701
10705
10706
10706
10707
10708
10710
10712
10714
10720
10720
10723
10724
10727
10734
10734
10737
10744
10745
10751
10755
10759
10760
10762
10762
10765
10770
10776
10777
10777
10777
10777
10782
10787
10787
10788
10791
10792
10797
10801
10804
10806
10807
10807
10812
10814
10815
10817
10824
10824
10828
10835
10843
10844
10846
10849
10849
10849
10865
10867
10872
10877
10879
10882
10883
10884
10887
10887
10888
10890
10890
10899
10902
10903
10904
10910
10911
10916
10922
10922
10923
10930
10934
10936
10937
10938
10939
10940
10945
10955
10961
10961
10963
10965
10968
10968
10970
10971
10977
10979
10989
11002
11003
11004
11007
11008
11014
11017
11019
11030
11032
11036
11038
11041
11047
11055
11067
11068
11069
11071
11079
11093
11094
11102
11114
11122
11126
11131
11133
11134
11134
11137
11140
11140
11141
11142
11146
11152
11165
11174
11178
11180
11180
11181
11188
11190
11191
11192
11193
11193
11194
11198
11199
11200
11202
11208
11213
11214
11217
11224
11227
11227
11229
11231
11231
11234
11235
11235
11238
11254
11257
11261
11262
11263
11264
11276
11277
11277
11278
11280
11280
11287
11299
11306
11312
11313
11316
11316
11326
11329
11332
11337
11341
11343
11345
11345
11346
11347
11347
11348
11348
11349
11350
11350
11351
11358
11373
11375
11379
11379
11384
11384
11387
11387
11387
11388
11389
11402
11407
11411
11411
11412
11414
11419
11423
11426
11428
11429
11435
11437
11443
11444
11444
11445
11448
11456
11459
11467
11469
11470
11482
11484
11484
11487
11488
11488
11488
11491
11496
11496
11497
11498
11502
11506
11506
11510
11512
11512
11513
11516
11518
11520
11537
11539
11543
11544
11549
11555
11555
11556
11564
11565
11569
11575
11575
11578
11581
11583
11583
11588
11594
11597
11601
11601
11602
11604
11609
11611
11613
11618
11622
11629
11650
11652
11658
11659
11664
11665
11667
11668
11670
11672
11675
11677
11679
11683
11686
11692
11697
11701
11709
11709
11716
11716
11722
11726
11727
11729
11737
11743
11745
11746
11747
11747
11749
11751
11753
11753
11754
11754
11755
11762
11768
11768
11770
11771
11780
11787
11794
11801
11805
11806
11818
11818
11820
11823
11832
11833
11838
11838
11844
11850
11853
11858
11868
11868
11869
11872
11877
11881
11886
11893
11899
11904
11906
11906
11908
11909
11910
11914
11915
11915
11916
11917
11919
11923
11925
11932
11942
11942
11943
11944
11946
11949
11953
11955
11956
11964
11969
11972
11978
11982
11984
11989
11990
11994
11999
11999
12000
12002
12003
12004
12006
12007
12015
12015
12016
12018
12024
12033
12035
12038
12039
12053
12069
12077
12077
12081
12084
12084
12090
12091
12092
12092
12095
12097
12098
12099
12101
12103
12106
12106
12107
12110
12111
12111
12114
12117
12117
12117
12119
12122
12123
12123
12124
12125
12125
12125
12125
12128
12130
12130
12132
12132
12135
12145
12152
12154
12162
12166
12181
12187
12189
12192
12199
12222
12225
12225
12227
12231
12232
12239
12241
12241
12246
12248
12250
12250
12256
12259
12263
12272
12276
12277
12287
12291
12291
12294
12295
12295
12297
12299
12300
12301
12301
12305
12305
12306
12310
12310
12311
12321
12322
12323
12324
12325
12330
12332
12332
12334
12337
12344
12346
12348
12353
12354
12359
12359
12366
12367
12368
12373
12373
12374
12374
12384
12389
12391
12391
12392
12393
12393
12395
12396
12400
12404
12409
12409
12413
12418
12419
12420
12427
12428
12428
12438
12444
12450
12451
12454
12455
12458
12466
12469
12469
12469
12473
12479
12482
12482
12485
12491
12491
12493
12494
12494
12497
12498
12509
12512
12512
12513
12514
12518
12519
12521
12522
12524
12525
12535
12536
12538
12540
12540
12543
12543
12547
12547
12549
12552
12557
12559
12560
12562
12562
12565
12566
12571
12580
12591
12592
12593
12596
12596
12599
12604
12604
12606
12609
12611
12615
12621
12623
12623
12625
12630
12633
12635
12635
12638
12641
12646
12647
12649
12651
12655
12656
12659
12664
12671
12674
12675
12681
12696
12699
12704
12709
12709
12713
12722
12723
12731
12732
12735
12740
12740
12741
12761
12762
12764
12765
12767
12771
12774
12777
12781
12781
12782
12784
12786
12786
12787
12788
12788
12790
12791
12795
12798
12802
12809
12811
12814
12815
12825
12826
12828
12832
12839
12841
12842
12845
12848
12849
12851
12851
12857
12860
12861
12863
12867
12868
12871
12876
12881
12881
12884
12885
12887
12899
12899
12907
12910
12914
12915
12919
12919
12925
12927
12927
12939
12943
12948
12952
12954
12955
12960
12960
12961
12964
12966
12967
12974
12975
12975
12983
12983
12989
12991
12994
13004
13005
13005
13008
13011
13014
13014
13019
13020
13021
13022
13025
13026
13040
13043
13043
13043
13045
13053
13061
13063
13066
13074
13074
13074
13075
13078
13080
13080
13082
13087
13094
13099
13099
13109
13109
13114
13120
13122
13123
13124
13125
13130
13131
13137
13139
13141
13142
13145
13145
13146
13150
13154
13158
13160
13161
13162
13163
13174
13176
13181
13183
13195
13204
13205
13208
13208
13210
13210
13219
13219
13224
13225
13227
13229
13231
13249
13252
13255
13258
13262
13263
13264
13271
13279
13280
13281
13284
13295
13303
13307
13309
13310
13312
13313
13316
13319
13323
13333
13340
13350
13352
13358
13359
13361
13363
13363
13365
13366
13377
13377
13379
13379
13393
13395
13399
13400
13400
13405
13405
13408
13414
13415
13424
13427
13428
13431
13435
13445
13465
13466
13635
13534
13563
13501
13535
13599
13644
13456
13499
13495
13505
13536
13470
13602
13625
13608
13557
13498
13512
13530
13451
13611
13493
13540
13488
13497
13581
13464
13560
13536
13472
13581
13463
13513
13639
13504
13604
13518
13641
13558
13645
13532
13520
13451
13557
13606
13571
13456
13534
13520
13564
13586
13546
13598
13555
13544
13503
13640
13569
13503
13646
13656
13672
13673
13675
13677
13681
13684
13685
13686
13692
13694
13694
13697
13698
13711
13714
13718
13720
13726
13729
13732
13735
13735
13736
13743
13747
13752
13755
13760
13760
13778
13786
13790
13792
13792
13792
13798
13803
13809
13811
13811
13869
14044
13953
13822
13848
13841
14118
13903
14042
13969
13875
13951
14086
13994
14044
13856
13949
14069
13917
13891
13816
14094
14021
14054
14017
13926
13856
13934
13894
14110
14002
14048
13988
13934
14051
13950
14079
14012
13915
13904
13821
14043
13861
14061
14057
14047
13850
14076
14014
13926
14014
14007
13938
13976
13837
13842
14039
14114
13848
13854
13887
13968
14077
14036
13966
13969
14074
13832
13987
13868
13849
13854
13957
14077
13942
13936
14071
13953
14006
14004
14086
13924
13889
14108
13883
14115
14122
14126
14130
14131
14137
14149
14155
14156
14158
14161
14164
14168
14172
14174
14176
14176
14179
14180
14181
14185
14186
14186
14188
14191
14191
14194
14194
14195
14196
14197
14212
14213
14219
14228
14235
14244
14253
14255
14259
14263
14265
14277
14280
14280
14286
14297
14304
14309
14309
14313
14318
14333
14335
14351
14359
14363
14363
14365
14368
14372
14381
14381
14386
14394
14398
14404
14404
14407
14409
14418
14419
14421
14425
14431
14434
14435
14438
14441
14442
14442
14446
14447
14447
14454
14466
14468
14470
14471
14474
14474
14474
14483
14486
14488
14488
14488
14491
14496
14498
14499
14500
14500
14504
14505
14509
14519
14522
14523
14525
14528
14532
14539
14542
14545
14551
14557
14560
14562
14563
14572
14576
14584
14587
14588
14592
14592
14595
14596
14596
14597
14603
14617
14619
14621
14623
14628
14630
14631
14632
14633
14635
14635
14637
14638
14641
14643
14646
14647
14648
14650
14650
14652
14759
14761
14741
14749
14669
14784
14692
14772
14654
14678
14832
14667
14660
14764
14704
14790
14690
14696
14655
14809
14696
14728
14815
14776
14830
14830
14808
14695
14706
14835
14718
14668
14731
14779
14745
14792
14722
14739
14714
14740
14825
14703
14807
14692
14838
14837
14808
14724
14805
14789
14754
14662
14791
14837
14761
14664
14812
14678
14803
14719
14839
14839
14842
14842
14854
14856
14857
14863
14868
14870
14870
14878
14883
14885
14891
14891
14897
14898
14899
14908
14910
14911
14912
14913
14919
14923
14925
14930
14944
14944
14945
14948
14950
14954
14954
14971
14972
14977
14977
14980
14981
14991
14994
15002
15009
15010
15011
15012
15013
15016
15023
15024
15025
15028
15029
15032
15038
15050
15056
15065
15075
15077
15077
15083
15084
15088
15089
15092
15094
15097
15102
15110
15111
15112
15113
15119
15126
15127
15144
15150
15154
15161
15162
15165
15165
15165
15169
15178
15180
15181
15183
15187
15188
15190
15195
15195
15196
15197
15200
15212
15214
15214
15217
15221
15223
15226
15226
15230
15240
15245
15245
15260
15261
15261
15264
15264
15269
15274
15275
15279
15281
15283
15286
15296
15296
15301
15304
15306
15312
15313
15320
15321
15321
15327
15328
15334
15347
15350
15352
15355
15356
15361
15362
15367
15376
15377
15379
15388
15391
15392
15394
15402
15402
15402
15405
15409
15409
15411
15415
15417
15421
15429
15430
15431
15433
15437
15438
15440
15443
15450
15474
15475
15475
15494
15500
15504
15508
15510
15512
15515
15517
15519
15522
15522
15531
15537
15538
15538
15547
15547
15548
15551
15553
15560
15563
15565
15565
15565
15569
15572
15575
15575
15575
15578
15582
15583
15584
15587
15591
15591
15595
15598
15603
15608
15609
15609
15615
15617
15619
15622
15622
15627
15628
15633
15651
15652
15653
15653
15656
15656
15659
15662
15670
15675
15676
15676
15677
15680
15682
15683
15683
15692
15693
15697
15702
15705
15711
15711
15713
15721
15722
15722
15723
15725
15727
15733
15737
15737
15738
15740
15742
15745
15746
15751
15753
15758
15762
15763
15767
15768
15770
15777
15783
15784
15806
15807
15807
15809
15812
15812
15817
15821
15825
15835
15838
15840
15847
15851
15851
15853
15853
15854
15856
15857
15865
15868
15874
15878
15882
15883
15889
15890
15891
15894
15901
15903
15905
15915
15915
15917
15924
15926
15929
15931
15934
15936
15938
15945
15946
15950
15952
15953
15956
15957
15957
15958
15958
15958
15959
15960
15966
15968
15968
15969
15971
15972
15972
15973
15977
15981
15983
15987
15988
15989
15992
15999
16001
16004
16008
16009
16012
16013
16036
16039
16043
16043
16043
16050
16055
16058
16073
16077
16078
16079
16100
16105
16106
16110
16112
16121
16127
16134
16138
16138
16145
16148
16153
16161
16162
16167
16173
16174
16192
16196
16196
16198
16201
16202
16203
16203
16204
16205
16223
16224
16224
16228
16234
16236
16247
16255
16260
16261
16262
16267
16268
16274
16288
16293
16295
16296
16297
16300
16302
16302
16307
16314
16318
16320
16320
16322
16323
16326
16327
16330
16332
16333
16335
16337
16340
16352
16353
16357
16360
16361
16365
16368
16369
16372
16374
16376
16380
16380
16386
16387
16387
16387
16390
16395
16400
16402
16406
16408
16411
16423
16425
16426
16431
16434
16437
16438
16439
16439
16445
16445
16447
16459
16470
16470
16476
16477
16477
16479
16481
16483
16484
16485
16491
16491
16493
16494
16495
16496
16497
16498
16500
16502
16510
16511
16513
16516
16517
16523
16526
16532
16536
16537
16542
16545
16545
16560
16560
16562
16562
16563
16569
16569
16570
16575
16586
16587
16593
16595
16597
16598
16599
16603
16603
16606
16608
16609
16615
16618
16622
16630
16636
16636
16636
16637
16649
16658
16666
16672
16674
16690
16695
16697
16698
16701
16703
16704
16709
16710
16710
16728
16733
16734
16736
16740
16744
16746
16747
16753
16755
16757
16757
16765
16766
16767
16772
16774
16777
16783
16785
16788
16788
16790
16791
16793
16795
16797
16799
16800
16804
16806
16812
16819
16824
16826
16833
16835
16839
16842
16847
16852
16852
16853
16855
16859
16861
16869
16869
16871
16872
16875
16878
16896
16902
16902
16909
16915
16915
16915
16920
16920
16929
16943
16944
16948
16952
16952
16955
16960
16961
16961
16962
16963
16969
16974
16975
16977
16991
16998
17000
17004
17005
17015
17018
17021
17024
17025
17026
17027
17030
17032
17033
17035
17035
17038
17039
17039
17046
17047
17047
17051
17052
17055
17055
17056
17058
17062
17064
17070
17071
17074
17075
17080
17081
17086
17086
17089
17090
17091
17091
17091
17096
17101
17103
17104
17105
17109
17118
17120
17125
17125
17126
17132
17132
17133
17133
17136
17150
17161
17162
17166
17170
17175
17179
17179
17180
17184
17189
17189
17192
17192
17197
17201
17202
17203
17205
17208
17211
17212
17217
17230
17235
17242
17249
17250
17250
17253
17261
17262
17262
17266
17268
17269
17273
17279
17280
17286
17287
17289
17289
17291
17292
17307
17308
17311
17312
17316
17318
17324
17325
17329
17332
17333
17336
17337
17343
17347
17348
17349
17349
17355
17355
17356
17363
17363
17368
17369
17370
17371
17371
17371
17372
17373
17376
17379
17379
17380
17380
17381
17383
17384
17385
17386
17389
17390
17391
17405
17405
17406
17407
17417
17420
17423
17426
17429
17430
17433
17435
17438
17439
17444
17447
17448
17449
17452
17456
17459
17459
17461
17471
17471
17476
17477
17484
17490
17490
17493
17493
17494
17495
17496
17501
17502
17508
17508
17512
17520
17525
17526
17532
17538
17538
17542
17543
17543
17548
17549
17551
17553
17554
17554
17560
17570
17572
17574
17578
17581
17585
17591
17593
17597
17602
17602
17605
17616
17619
17624
17624
17625
17627
17633
17635
17636
17636
17638
17645
17646
17647
17650
17656
17658
17660
17661
17663
17665
17666
17668
17668
17673
17675
17678
17678
17681
17686
17691
17693
17696
17698
17699
17700
17701
17704
17708
17714
17715
17717
17725
17729
17736
17740
17740
17742
17745
17747
17751
17752
17752
17755
17756
17761
17765
17772
17777
17785
17787
17788
17791
17792
17793
17794
17797
17800
17811
17812
17816
17820
17822
17823
17825
17831
17835
17850
17852
17863
17864
17866
17870
17871
17873
17877
17880
17884
17890
17896
17897
17900
17902
17905
17909
17910
17914
17914
17919
17923
17927
17927
17936
17939
17940
17940
17941
17945
17945
17948
17952
17955
17960
17960
17965
17968
17973
17974
17975
17978
17980
17990
17993
17993
17997
17998
18003
18005
18007
18008
18009
18011
18016
18019
18020
18020
18026
18031
18037
18041
18044
18045
18052
18053
18053
18054
18055
18055
18057
18062
18064
18067
18068
18072
18081
18081
18081
18082
18087
18087
18089
18092
18092
18096
18096
18098
18099
18100
18101
18103
18103
18105
18105
18106
18110
18120
18122
18134
18136
18138
18145
18151
18151
18154
18154
18155
18161
18166
18169
18169
18172
18175
18175
18178
18179
18183
18184
18191
18191
18192
18195
18196
18197
18202
18206
18208
18209
18211
18214
18215
18219
18224
18224
18229
18238
18247
18251
18253
18257
18259
18265
18269
18272
18273
18281
18282
18286
18287
18290
18295
18297
18298
18298
18300
18301
18303
18306
18307
18314
18315
18319
18326
18327
18332
18333
18334
18337
18341
18353
18358
18359
18359
18360
18360
18366
18378
18381
18384
18387
18388
18391
18394
18395
18403
18403
18404
18405
18407
18413
18414
18423
18425
18434
18434
18436
18436
18438
18440
18444
18446
18447
18449
18450
18450
18454
18454
18460
18461
18461
18462
18465
18466
18470
18471
18474
18474
18474
18475
18477
18486
18486
18486
18488
18490
18497
18499
18500
18501
18502
18503
18509
18510
18512
18513
18514
18514
18517
18519
18522
18524
18532
18533
18537
18540
18549
18551
18552
18553
18556
18562
18567
18568
18570
18574
18574
18576
18579
18580
18582
18583
18585
18586
18590
18596
18603
18606
18608
18609
18610
18610
18619
18621
18623
18624
18630
18630
18643
18646
18650
18650
18657
18669
18669
18674
18676
18688
18689
18690
18690
18690
18692
18696
18696
18696
18699
18703
18705
18708
18708
18725
18725
18738
18739
18742
18750
18761
18767
18767
18770
18772
18777
18778
18778
18779
18781
18789
18795
18797
18798
18801
18803
18806
18810
18813
18813
18814
18816
18816
18817
18822
18823
18823
18832
18834
18839
18841
18842
18844
18846
18852
18857
18861
18862
18866
18876
18876
18881
18883
18884
18901
18905
18906
18906
18911
18917
18918
18920
18925
18930
18936
18939
18943
18945
18947
18952
18952
18956
18958
18958
18959
18962
18965
18966
18971
18977
18980
18982
18985
18992
18992
18994
18999
19002
19008
19009
19016
19030
19030
19030
19035
19038
19045
19050
19053
19064
19064
19068
19070
19072
19075
19076
19077
19081
19083
19091
19094
19097
19097
19098
19099
19103
19114
19120
19122
19129
19132
19134
19137
19137
19142
19147
19151
19153
19157
19163
19165
19176
19177
19178
19181
19183
19187
19191
19192
19193
19194
19196
19201
19201
19203
19205
19208
19215
19220
19220
19224
19230
19231
19232
19237
19239
19241
19243
19250
19251
19251
19256
19263
19264
19264
19271
19272
19276
19279
19284
19285
19299
19300
19303
19308
19309
19310
19314
19316
19316
19317
19319
19319
19327
19328
19332
19332
19335
19337
19338
19339
19343
19343
19343
19353
19361
19368
19369
19382
19383
19385
19387
19392
19394
19396
19400
19402
19403
19405
19406
19407
19409
19411
19415
19415
19423
19427
19430
19432
19433
19434
19436
19441
19441
19446
19448
19451
19453
19456
19458
19459
19461
19469
19470
19473
19474
19476
19478
19479
19480
19480
19488
19490
19495
19497
19503
19504
19507
19511
19516
19518
19522
19527
19527
19528
19535
19536
19536
19536
19538
19549
19553
19556
19562
19567
19569
19575
19583
19584
19586
19591
19597
19597
19598
19599
19603
19604
19606
19614
19619
19622
19628
19635
19638
19639
19641
19645
19646
19646
19655
19660
19661
19661
19671
19672
19683
19684
19684
19688
19700
19701
19706
19706
19707
19708
19715
19722
19723
19724
19729
19733
19741
19755
19755
19756
19757
19760
19760
19769
19771
19771
19775
19776
19777
19777
19777
19783
19786
19788
19802
19802
19807
19808
19808
19819
19819
19823
19828
19828
19829
19831
19831
19833
19835
19859
19861
19862
19862
19864
19865
19865
19871
19872
19873
19875
19876
19887
19889
19895
19897
19899
19900
19904
19907
19909
19910
19913
19917
19919
19920
19920
19922
19928
19929
19930
19931
19941
19947
19952
19955
19957
19958
19960
19963
19964
19967
19969
19969
19975
19975
19979
19982
19983
19986
19986
19988
19995
20001
20006
20006
20008
20012
20013
20016
20017
20017
20020
20023
20023
20029
20030
20034
20034
20037
20038
20040
20041
20044
20052
20056
20057
20059
20064
20066
20067
20073
20075
20079
20080
20080
20081
20081
20082
20083
20085
20088
20088
20088
20090
20091
20104
20107
20107
20110
20114
20134
20134
20135
20139
20143
20144
20146
20149
20152
20158
20169
20173
20177
20180
20181
20184
20185
20187
20191
20204
20207
20207
20208
20209
20217
20218
20221
20221
20225
20234
20235
20240
20240
20240
20244
20246
20247
20249
20254
20264
20268
20269
20269
20270
20270
20271
20273
20280
20280
20280
20285
20291
20294
20296
20298
20299
20303
20303
20308
20308
20308
20309
20321
20321
20321
20322
20324
20329
20337
20338
20339
20349
20355
20360
20361
20366
20369
20373
20375
20375
20377
20378
20382
20385
20388
20391
20391
20401
20406
20409
20416
20416
20417
20423
20425
20431
20434
20437
20437
20440
20442
20443
20444
20445
20449
20451
20460
20467
20468
20472
20478
20478
20486
20489
20491
20494
20499
20505
20514
20522
20526
20530
20532
20535
20536
20538
20540
20542
20544
20547
20548
20551
20555
20559
20559
20561
20562
20564
20570
20570
20578
20580
20581
20591
20592
20597
20598
20602
20616
20618
20623
20631
20634
20640
20641
20643
20644
20650
20656
20662
20664
20668
20668
20671
20677
20680
20683
20693
20696
20698
20698
20699
20704
20711
20715
20723
20724
20733
20734
20739
20740
20741
20746
20746
20748
20752
20752
20759
20760
20760
20762
20763
20766
20768
20769
20774
20776
20781
20789
20797
20805
20810
20814
20816
20818
20826
20827
20829
20831
20832
20842
20846
20848
20849
20850
20851
20853
20857
20861
20870
20888
20889
20890
20891
20893
20901
20905
20916
20916
20917
20922
20925
20925
20933
20935
20941
20943
20945
20946
20950
20951
20951
20952
20953
20964
20972
20981
20981
20982
20988
20991
21002
21002
21003
21007
21012
21013
21016
21017
21027
21032
21039
21056
21057
21059
21061
21068
21068
21073
21078
21080
21084
21087
21094
21095
21096
21097
21098
21105
21105
21105
21106
21112
21114
21116
21119
21125
21128
21129
21129
21135
21136
21138
21147
21150
21151
21154
21156
21157
21157
21158
21168
21170
21175
21182
21186
21187
21191
21199
21204
21205
21209
21209
21209
21212
21215
21220
21230
21231
21233
21233
21236
21239
21241
21249
21250
21256
21258
21258
21267
21269
21270
21276
21278
21286
21293
21294
21309
21327
21330
21332
21334
21336
21337
21340
21340
21341
21342
21342
21343
21347
21350
21351
21354
21358
21360
21364
21365
21367
21369
21376
21381
21386
21390
21395
21396
21397
21401
21404
21407
21409
21412
21418
21421
21428
21434
21437
21442
21453
21455
21457
21479
21489
21492
21496
21496
21505
21509
21509
21512
21513
21515
21518
21519
21522
21522
21523
21528
21529
21532
21537
21539
21541
21546
21548
21555
21560
21569
21571
21574
21578
21580
21582
21585
21592
21595
21595
21598
21598
21612
21615
21615
21624
21625
21628
21630
21634
21639
21642
21645
21648
21655
21661
21667
21668
21669
21727
21683
21806
21728
21722
21853
21780
21688
21790
21793
21855
21689
21864
21690
21719
21850
21699
21819
21697
21731
21673
21761
21781
21729
21809
21698
21773
21794
21721
21742
21736
21842
21853
21685
21814
21832
21806
21801
21817
21795
21734
21739
21808
21843
21773
21844
21813
21710
21674
21822
21802
21788
21686
21817
21822
21851
21796
21674
21859
21718
21673
21825
21766
21673
21686
21708
21766
21683
21802
21677
21865
21671
21816
21793
21778
21876
21877
21878
21879
21885
21895
21897
21899
21899
21905
21905
21905
21906
21907
21908
21909
21910
21911
21911
21913
21915
21916
21917
21917
21920
21920
21925
21927
21928
21929
21929
21932
21933
21934
21937
21939
21940
21942
21946
21949
21961
21961
21962
21962
21964
21968
21973
21976
21979
21981
21982
21985
21986
21986
21989
21996
21997
22007
22010
22014
22017
22022
22026
22031
22032
22041
22042
22047
22047
22048
22050
22052
22058
22066
22074
22076
22076
22077
22083
22085
22087
22087
22090
22098
22099
22101
22102
22110
22110
22113
22117
22118
22118
22123
22125
22127
22130
22130
22133
22136
22141
22141
22143
22144
22145
22146
22150
22150
22152
22152
22153
22159
22163
22169
22170
22171
22173
22173
22173
22173
22180
22181
22182
22184
22194
22198
22205
22205
22213
22214
22223
22228
22238
22240
22242
22246
22248
22251
22254
22260
22260
22261
22262
22267
22267
22275
22278
22280
22286
22287
22295
22303
22304
22306
22307
22317
22324
22324
22326
22331
22335
22335
22340
22340
22341
22341
22343
22345
22345
22350
22351
22354
22357
22363
22365
22367
22370
22373
22377
22377
22379
22383
22388
22396
22401
22405
22408
22409
22410
22411
22412
22414
22423
22427
22429
22435
22438
22438
22444
22445
22445
22454
22456
22460
22460
22460
22465
22465
22467
22469
22470
22470
22474
22482
22487
22489
22497
22509
22517
22529
22533
22538
22542
22544
22545
22546
22548
22549
22558
22562
22564
22566
22566
22568
22574
22581
22583
22596
22597
22605
22605
22606
22613
22620
22638
22639
22641
22649
22650
22650
22651
22651
22659
22666
22666
22668
22670
22670
22681
22684
22684
22689
22700
22703
22705
22709
22712
22714
22714
22716
22717
22721
22727
22728
22730
22731
22732
22735
22741
22748
22752
22753
22755
22756
22766
22768
22772
22774
22774
22775
22776
22781
22782
22785
22797
22801
22805
22808
22808
22817
22822
22822
22823
22823
22829
22833
22841
22842
22843
22843
22846
22846
22850
22853
22856
22856
22861
22862
22867
22874
22877
22877
22878
22879
22879
22884
22885
22885
22886
22893
22902
22906
22913
22915
22923
22924
22933
22940
22944
22948
22956
22960
22963
22963
22967
22968
22982
22986
22990
22994
22997
23000
23000
23003
23007
23009
23011
23014
23016
23018
23022
23026
23027
23030
23030
23032
23036
23039
23041
23053
23054
23054
23058
23062
23064
23064
23067
23071
23073
23076
23077
23095
23099
23102
23105
23106
23113
23118
23121
23123
23134
23141
23143
23154
23161
23163
23165
23171
23172
23172
23175
23179
23184
23187
23196
23199
23200
23201
23203
23211
23212
23217
23217
23220
23220
23221
23227
23235
23237
23238
23241
23242
23245
23255
23255
23268
23269
23271
23290
23290
23293
23296
23298
23300
23304
23306
23310
23315
23317
23317
23321
23324
23328
23329
23332
23342
23349
23363
23367
23388
23392
23395
23395
23399
23404
23407
23408
23411
23412
23413
23414
23423
23426
23430
23432
23435
23440
23448
23453
23457
23469
23470
23472
23472
23472
23472
23478
23485
23487
23502
23504
23507
23507
23509
23522
23524
23530
23531
23533
23535
23548
23551
23553
23555
23555
23558
23560
23567
23572
23576
23580
23583
23592
23594
23596
23597
23598
23600
23604
23604
23605
23607
23612
23613
23621
23629
23630
23633
23635
23639
23646
23647
23648
23648
23648
23658
23661
23666
23671
23679
23683
23684
23692
23693
23696
23698
23698
23700
23703
23703
23704
23708
23712
23713
23715
23716
23722
23724
23732
23738
23739
23741
23745
23753
23758
23760
23765
23766
23768
23773
23778
23796
23796
23798
23798
23800
23801
23802
23807
23807
23807
23810
23812
23813
23816
23818
23821
23821
23822
23822
23823
23825
23828
23829
23833
23839
23840
23846
23850
23856
23856
23857
23864
23866
23866
23867
23871
23871
23875
23875
23883
23885
23885
23892
23898
23906
23907
23915
23930
23931
23933
23938
23939
23941
23945
23947
23951
23958
23958
23965
23966
23966
23975
23976
23978
23989
23993
23994
23994
23996
24001
24008
24009
24012
24013
24026
24028
24031
24031
24042
24042
24043
24049
24052
24053
24054
24055
24056
24057
24058
24059
24061
24061
24065
24065
24066
24072
24076
24096
24099
24100
24102
24109
24114
24115
24115
24116
24125
24125
24126
24127
24127
24129
24137
24137
24141
24145
24145
24149
24157
24160
24162
24164
24166
24167
24172
24173
24174
24176
24176
24180
24194
24200
24201
24201
24202
24203
24209
24218
24218
24231
24240
24243
24253
24264
24272
24272
24276
24283
24287
24288
24292
24296
24297
24299
24306
24311
24315
24319
24322
24327
24329
24330
24331
24332
24333
24347
24348
24359
24367
24368
24370
24372
24373
24374
24385
24390
24396
24396
24398
24398
24402
24403
24403
24408
24410
24410
24418
24422
24426
24426
24429
24436
24437
24448
24450
24455
24458
24459
24461
24477
24479
24482
24483
24485
24487
24493
24504
24508
24509
24510
24512
24517
24517
24526
24527
24534
24536
24536
24539
24541
24541
24543
24553
24554
24554
24564
24566
24569
24570
24572
24573
24577
24578
24582
24592
24597
24598
24602
24608
24612
24614
24615
24620
24621
24623
24628
24628
24631
24632
24633
24639
24640
24643
24644
24648
24656
24660
24662
24664
24667
24671
24672
24677
24680
24683
24684
24684
24690
24690
24691
24693
24698
24700
24701
24701
24701
24727
24729
24734
24739
24745
24746
24746
24750
24751
24752
24753
24754
24761
24763
24771
24772
24781
24785
24787
24787
24788
24796
24797
24800
24803
24805
24812
24813
24815
24822
24822
24822
24825
24826
24828
24831
24837
24847
24851
24852
24852
24853
24854
24861
24864
24868
24872
24875
24878
24878
24884
24886
24892
24895
24897
24897
24899
24900
24900
24905
24906
24907
24912
24913
24915
24919
24924
24928
24935
24939
24943
24945
24958
24967
24975
24977
24979
24982
24983
24983
24991
24993
24993
24994
24995
24998
25001
25002
25010
25012
25012
25016
25017
25019
25020
25023
25024
25024
25025
25040
25041
25045
25045
25049
25052
25059
25059
25060
25060
25064
25065
25070
25076
25076
25082
25093
25094
25100
25113
25121
25121
25123
25131
25134
25136
25136
25136
25140
25146
25146
25148
25149
25156
25161
25161
25162
25163
25175
25177
25183
25183
25185
25194
25197
25198
25200
25202
25202
25203
25207
25208
25209
25220
25223
25223
25224
25229
25237
25241
25242
25248
25249
25250
25259
25265
25269
25273
25275
25277
25279
25280
25283
25293
25295
25297
25297
25300
25303
25307
25309
25327
25332
25335
25336
25350
25354
25361
25365
25365
25367
25371
25372
25372
25374
25378
25379
25381
25384
25385
25386
25391
25393
25397
25398
25400
25400
25401
25402
25404
25409
25409
25413
25416
25419
25424
25429
25430
25433
25438
25444
25449
25452
25457
25459
25462
25463
25464
25467
25469
25470
25475
25482
25485
25485
25487
25487
25496
25499
25508
25516
25523
25525
25528
25578
25613
25680
25578
25591
25624
25702
25599
25569
25701
25557
25592
25589
25558
25608
25658
25617
25598
25564
25540
25664
25648
25628
25604
25586
25693
25637
25688
25655
25602
25671
25602
25668
25668
25583
25687
25696
25552
25582
25547
25608
25660
25640
25642
25570
25604
25620
25671
25631
25678
25659
25528
25685
25539
25596
25592
25641
25626
25699
25620
25696
25684
25585
25703
25711
25719
25719
25739
25741
25743
25744
25745
25746
25753
25754
25755
25767
25770
25777
25779
25780
25782
25782
25784
25784
25789
25793
25795
25800
25801
25808
25811
25811
25811
25812
25814
25814
25815
25815
25825
25835
25837
25839
25840
25841
25846
25847
25850
25851
25851
25851
25855
25858
25859
25859
25861
25864
25865
25869
25876
25884
25889
25890
25890
25892
25896
25904
25905
25907
25910
25913
25917
25918
25922
25922
25935
25935
25943
25944
25950
25950
25952
25952
25952
25956
25968
25969
25970
25973
25975
25979
25984
25984
25984
25988
25990
25991
25991
25996
26001
26001
26001
26009
26011
26018
26027
26027
26028
26030
26032
26035
26037
26037
26044
26048
26050
26050
26054
26055
26057
26057
26057
26061
26068
26068
26073
26073
26074
26079
26080
26083
26087
26087
26091
26096
26099
26099
26102
26102
26104
26113
26114
26117
26122
26125
26131
26134
26135
26146
26153
26154
26163
26163
26164
26170
26170
26171
26175
26177
26179
26180
26181
26187
26188
26192
26202
26212
26213
26214
26216
26216
26219
26227
26228
26228
26231
26234
26237
26240
26243
26246
26253
26255
26270
26273
26277
26280
26283
26284
26286
26289
26290
26294
26303
26309
26311
26314
26320
26320
26322
26322
26324
26328
26343
26343
26344
26347
26351
26359
26359
26371
26372
26373
26375
26391
26392
26393
26393
26396
26402
26407
26408
26411
26414
26418
26420
26422
26422
26434
26434
26444
26444
26446
26448
26449
26450
26451
26454
26454
26458
26466
26492
26495
26501
26503
26504
26507
26509
26509
26510
26511
26512
26512
26513
26514
26515
26522
26526
26527
26529
26536
26536
26539
26542
26550
26554
26556
26559
26570
26571
26571
26573
26579
26585
26585
26588
26600
26604
26606
26621
26628
26630
26631
26638
26646
26651
26652
26654
26655
26659
26662
26662
26664
26666
26667
26668
26669
26677
26679
26683
26685
26688
26691
26691
26692
26696
26697
26700
26701
26702
26713
26720
26728
26728
26730
26735
26737
26740
26743
26747
26751
26751
26762
26764
26764
26768
26769
26770
26772
26772
26781
26786
26786
26788
26793
26800
26801
26804
26804
26807
26809
26809
26810
26814
26818
26820
26826
26827
26832
26834
26836
26844
26846
26848
26856
26861
26864
26866
26871
26872
26873
26879
26881
26882
26888
26890
26892
26893
26893
26894
26896
26896
26903
26904
26910
26911
26912
26913
26917
26928
26928
26928
26931
26933
26935
26936
26937
26942
26942
26959
26964
26967
26969
26969
26971
26971
26976
26978
26979
26984
26985
26991
26993
26994
26997
26997
26998
27007
27007
27008
27010
27017
27018
27019
27024
27027
27032
27033
27038
27039
27040
27047
27054
27062
27062
27062
27068
27069
27072
27076
27086
27087
27095
27099
27109
27111
27121
27124
27129
27133
27135
27137
27150
27152
27160
27167
27172
27173
27173
27174
27189
27191
27199
27199
27200
27201
27202
27203
27205
27206
27210
27211
27214
27217
27219
27227
27233
27236
27240
27241
27245
27247
27250
27251
27255
27256
27262
27263
27268
27269
27270
27271
27271
27271
27275
27278
27278
27281
27284
27287
27289
27291
27292
27292
27297
27297
27298
27298
27303
27306
27308
27311
27315
27316
27317
27318
27318
27326
27335
27338
27341
27343
27344
27345
27347
27348
27349
27352
27352
27356
27359
27360
27362
27362
27371
27372
27376
27378
27378
27379
27381
27384
27386
27392
27392
27394
27395
27400
27400
27400
27401
27405
27407
27415
27416
27418
27418
27419
27426
27430
27434
27434
27436
27436
27445
27446
27452
27452
27454
27457
27466
27470
27470
27474
27481
27487
27487
27488
27495
27501
27503
27504
27512
27514
27515
27520
27521
27522
27535
27538
27541
27543
27543
27543
27547
27550
27550
27551
27552
27554
27556
27559
27560
27563
27565
27568
27570
27580
27583
27593
27594
27598
27599
27599
27600
27600
27612
27612
27621
27627
27628
27630
27634
27638
27638
27638
27639
27644
27648
27648
27649
27650
27652
27658
27658
27661
27672
27673
27674
27682
27683
27684
27684
27686
27691
27693
27698
27700
27704
27707
27710
27712
27716
27716
27718
27721
27727
27732
27732
27735
27736
27738
27742
27742
27746
27754
27759
27762
27765
27766
27770
27771
27775
27775
27782
27784
27784
27785
27802
27803
27807
27812
27821
27822
27824
27826
27829
27842
27844
27844
27847
27857
27875
27878
27879
27880
27888
27888
27896
27898
27900
27903
27906
27907
27912
27913
27914
27917
27919
27922
27922
27925
27927
27929
27934
27936
27936
27937
27939
27941
27942
27945
27951
27952
27958
27959
27960
27962
27965
27971
27975
27975
27977
27981
27986
27990
27996
27996
28000
28005
28012
28013
28015
28026
28027
28031
28039
28041
28043
28045
28047
28049
28049
28054
28061
28074
28078
28079
28080
28083
28093
28095
28096
28102
28103
28107
28112
28113
28114
28118
28127
28130
28133
28142
28151
28155
28155
28157
28160
28162
28164
28165
28166
28174
28176
28178
28179
28180
28183
28184
28194
28197
28199
28205
28209
28209
28210
28212
28215
28217
28219
28222
28224
28229
28230
28231
28232
28238
28240
28241
28248
28251
28254
28258
28259
28262
28262
28265
28274
28279
28279
28281
28283
28284
28292
28292
28294
28299
28306
28311
28313
28318
28324
28325
28329
28329
28332
28333
28339
28342
28350
28351
28356
28357
28363
28366
28371
28381
28384
28388
28390
28393
28394
28394
28399
28406
28407
28409
28413
28415
28416
28417
28419
28422
28423
28426
28427
28427
28427
28431
28433
28433
28434
28437
28438
28438
28439
28442
28448
28449
28449
28449
28450
28454
28455
28459
28466
28467
28468
28469
28472
28472
28472
28472
28476
28477
28483
28485
28486
28486
28487
28494
28497
28504
28506
28510
28511
28524
28533
28533
28542
28547
28547
28550
28555
28561
28566
28568
28569
28578
28579
28582
28587
28601
28611
28611
28612
28613
28615
28615
28628
28633
28633
28636
28638
28645
28648
28651
28654
28671
28671
28673
28675
28676
28677
28683
28684
28685
28696
28696
28700
28700
28700
28713
28713
28715
28721
28723
28729
28733
28751
28758
28761
28764
28765
28770
28771
28775
28780
28781
28782
28784
28785
28785
28797
28797
28801
28803
28804
28809
28815
28815
28817
28821
28826
28828
28829
28842
28845
28849
28853
28854
28856
28857
28863
28865
28867
28871
28878
28881
28882
28885
28886
28886
28889
28890
28892
28893
28894
28894
28897
28902
28904
28906
28912
28919
28926
28927
28927
28929
28936
28939
28943
28944
28953
28957
28961
28962
28963
28965
28970
28973
28976
28976
28977
28978
28980
28981
28984
28985
28985
28986
28989
28995
29000
29009
29011
29012
29014
29017
29017
29017
29018
29025
29030
29032
29032
29034
29046
29051
29057
29061
29064
29068
29078
29079
29080
29086
29088
29089
29092
29101
29102
29103
29104
29107
29110
29110
29111
29112
29115
29118
29119
29120
29122
29125
29130
29139
29140
29141
29142
29145
29156
29159
29166
29171
29172
29177
29178
29181
29186
29188
29189
29189
29190
29197
29201
29204
29206
29224
29226
29229
29230
29231
29234
29236
29237
29237
29237
29239
29248
29251
29252
29252
29254
29255
29256
29257
29258
29258
29260
29261
29263
29265
29269
29273
29276
29279
29281
29283
29286
29287
29289
29294
29300
29302
29302
29302
29303
29304
29305
29307
29309
29310
29314
29314
29326
29329
29334
29337
29348
29356
29358
29360
29364
29365
29369
29373
29373
29376
29379
29379
29390
29395
29395
29404
29405
29406
29410
29415
29418
29422
29423
29425
29428
29436
29437
29437
29437
29438
29442
29442
29445
29448
29452
29456
29457
29458
29465
29466
29467
29469
29476
29485
29495
29498
29499
29502
29503
29504
29506
29508
29514
29515
29518
29519
29525
29526
29531
29534
29536
29539
29541
29545
29547
29547
29549
29554
29565
29570
29574
29574
29574
29577
29579
29580
29586
29588
29588
29589
29589
29589
29592
29597
29608
29608
29608
29608
29611
29613
29616
29617
29622
29623
29625
29627
29630
29631
29633
29636
29637
29637
29639
29640
29641
29652
29655
29659
29664
29665
29674
29677
29678
29693
29706
29722
29728
29735
29738
29742
29742
29743
29756
29757
29760
29766
29793
29799
29799
29809
29816
29819
29823
29824
29825
29826
29830
29830
29832
29837
29848
29851
29853
29854
29861
29866
29867
29871
29884
29889
29890
29892
29893
29897
29899
29904
29907
29910
29914
29914
29917
29920
29926
29930
29933
29937
29937
29940
29940
29941
29944
29951
29952
29955
29958
29958
29958
29962
29966
29966
29968
29990
29993
29998
30003
30005
30007
30014
30024
30027
30029
30029
30031
30037
30041
30045
30046
30046
30049
30059
30060
30067
30071
30071
30073
30073
30076
30082
30087
30088
30092
30092
30094
30094
30095
30102
30109
30112
30127
30127
30130
30138
30139
30142
30144
30166
30166
30170
30172
30177
30179
30180
30182
30186
30187
30189
30189
30190
30191
30193
30194
30205
30209
30209
30211
30215
30225
30227
30231
30237
30238
30239
30243
30244
30249
30250
30253
30254
30256
30257
30257
30258
30271
30272
30276
30276
30276
30276
30279
30281
30282
30282
30289
30291
30296
30297
30307
30310
30312
30314
30315
30323
30324
30325
30326
30328
30330
30332
30338
30339
30342
30345
30349
30356
30358
30362
30364
30365
30368
30375
30375
30381
30390
30391
30395
30395
30397
30399
30399
30413
30414
30414
30422
30422
30424
30428
30428
30429
30429
30433
30437
30456
30458
30459
30459
30460
30464
30467
30468
30469
30470
30475
30475
30478
30480
30482
30483
30484
30485
30486
30487
30490
30490
30490
30496
30497
30498
30503
30507
30515
30515
30516
30516
30517
30523
30527
30528
30534
30535
30541
30541
30545
30545
30546
30547
30549
30551
30553
30556
30556
30558
30565
30565
30567
30572
30577
30578
30585
30590
30595
30600
30606
30606
30628
30633
30640
30643
30646
30650
30654
30655
30659
30661
30661
30665
30666
30668
30673
30681
30682
30684
30690
30695
30696
30699
30710
30712
30719
30720
30731
30735
30741
30749
30756
30758
30760
30763
30764
30765
30766
30771
30771
30777
30778
30780
30783
30791
30792
30801
30805
30807
30807
30810
30815
30824
30833
30833
30839
30839
30839
30845
30850
30850
30851
30855
30863
30865
30876
30882
30885
30895
30897
30903
30907
30907
30908
30911
30912
30914
30916
30917
30921
30926
30928
30928
30933
30940
30940
30944
30944
30945
30948
30952
30956
30956
30957
30959
30960
30964
30966
30970
30971
30974
30977
30982
30983
30984
30989
30990
30992
30993
31001
31004
31006
31007
31013
31015
31015
31015
31016
31018
31021
31022
31025
31029
31031
31032
31032
31047
31047
31050
31051
31054
31059
31060
31061
31069
31070
31071
31072
31087
31088
31096
31099
31100
31101
31103
31105
31115
31115
31116
31116
31121
31127
31133
31138
31141
31142
31147
31148
31152
31152
31155
31157
31166
31170
31172
31173
31175
31176
31177
31185
31186
31188
31190
31193
31196
31199
31202
31207
31207
31208
31209
31211
31211
31212
31221
31223
31223
31223
31225
31225
31230
31230
31233
31242
31246
31253
31254
31261
31263
31266
31273
31275
31275
31275
31276
31280
31282
31290
31290
31294
31296
31299
31307
31308
31313
31317
31320
31321
31323
31327
31327
31338
31340
31341
31347
31362
31368
31369
31373
31378
31383
31387
31387
31391
31393
31401
31401
31407
31412
31412
31413
31421
31421
31423
31426
31429
31433
31435
31435
31439
31439
31442
31447
31450
31452
31453
31456
31459
31461
31464
31465
31466
31469
31474
31480
31481
31481
31484
31485
31489
31489
31490
31492
31492
31494
31495
31503
31504
31506
31508
31511
31512
31513
31514
31514
31518
31519
31525
31525
31526
31532
31540
31545
31546
31552
31552
31554
31556
31557
31558
31564
31566
31575
31576
31576
31579
31588
31593
31603
31605
31606
31612
31612
31613
31614
31615
31618
31619
31625
31628
31631
31637
31638
31642
31644
31646
31647
31654
31680
31686
31694
31696
31696
31696
31698
31699
31708
31715
31716
31721
31726
31733
31742
31747
31750
31755
31756
31763
31770
31773
31780
31794
31799
31799
31800
31800
31802
31806
31812
31813
31815
31815
31827
31831
31835
31836
31836
31838
31841
31846
31850
31858
31858
31865
31866
31866
31866
31874
31875
31875
31875
31877
31882
31888
31888
31895
31897
31897
31898
31905
31910
31919
31919
31922
31923
31924
31925
31927
31927
31927
31929
31934
31934
31938
31942
31944
31947
31950
31958
31961
31964
31969
31970
31971
31973
31980
31980
31981
31984
31985
31987
31987
31997
32004
32009
32012
32013
32014
32017
32017
32018
32019
32020
32020
32022
32034
32035
32036
32039
32043
32060
32063
32064
32064
32065
32066
32068
32077
32080
32081
32083
32083
32091
32097
32099
32104
32114
32116
32119
32121
32122
32123
32123
32123
32124
32126
32126
32128
32136
32138
32143
32148
32150
32152
32156
32156
32157
32165
32167
32168
32170
32173
32173
32174
32176
32177
32179
32187
32189
32191
32196
32196
32200
32204
32206
32214
32215
32231
32232
32232
32234
32237
32237
32244
32246
32247
32252
32255
32257
32260
32266
32267
32269
32273
32273
32275
32278
32280
32283
32289
32289
32289
32291
32296
32303
32307
32308
32311
32313
32314
32316
32322
32329
32331
32336
32337
32340
32344
32347
32348
32349
32351
32354
32357
32360
32362
32362
32364
32367
32370
32371
32374
32377
32381
32383
32385
32398
32402
32402
32410
32410
32413
32414
32425
32426
32432
32434
32435
32436
32438
32440
32440
32444
32444
32444
32455
32461
32463
32468
32473
32478
32479
32484
32486
32489
32491
32497
32499
32502
32507
32509
32518
32519
32520
32521
32523
32524
32526
32531
32540
32544
32547
32549
32553
32553
32555
32567
32567
32567
32570
32580
32587
32588
32589
32591
32595
32597
32605
32609
32610
32616
32617
32620
32629
32631
32632
32637
32638
32641
32646
32649
32649
32650
32651
32651
32652
32656
32657
32664
32665
32667
32668
32670
32674
32684
32685
32689
32693
32695
32702
32703
32705
32705
32707
32709
32712
32714
32714
32715
32716
32717
32718
32719
32720
32721
32724
32725
32725
32728
32733
32736
32738
32747
32748
32749
32752
32762
32765
32767
