32768
32768
32767
32762
32759
32750
32738
32737
32726
32723
32721
32717
32714
32689
32689
32680
32679
32678
32677
32676
32674
32667
32667
32663
32659
32657
32656
32642
32636
32623
32618
32617
32613
32613
32608
32605
32604
32600
32599
32598
32594
32594
32586
32585
32582
32579
32576
32572
32570
32560
32557
32548
32547
32545
32544
32539
32537
32537
32536
32519
32518
32517
32512
32509
32500
32492
32491
32489
32485
32480
32478
32472
32466
32464
32461
32456
32455
32454
32444
32443
32440
32428
32426
32424
32421
32417
32414
32411
32411
32410
32408
32402
32396
32393
32393
32392
32386
32382
32372
32372
32363
32356
32353
32352
32348
32340
32334
32319
32317
32315
32314
32301
32300
32297
32297
32294
32287
32286
32285
32281
32280
32275
32271
32270
32268
32266
32265
32263
32261
32260
32259
32258
32256
32253
32251
32248
32246
32242
32241
32237
32224
32222
32222
32220
32218
32214
32207
32204
32198
32198
32198
32197
32191
32189
32188
32182
32178
32164
32162
32160
32155
32149
32148
32145
32138
32136
32133
32132
32129
32127
32126
32125
32122
32122
32116
32113
32112
32112
32111
32107
32104
32100
32100
32099
32098
32098
32098
32091
32089
32089
32087
32084
32083
32082
32072
32072
32070
32066
32065
32058
32047
32043
32043
32038
32034
32032
32031
32027
32026
32025
32019
32014
32010
32005
32005
32005
32003
32000
31998
31993
31991
31989
31987
31983
31983
31983
31981
31979
31979
31978
31973
31973
31970
31968
31966
31965
31962
31962
31954
31953
31949
31948
31943
31941
31937
31936
31934
31932
31931
31927
31922
31913
31912
31906
31892
31885
31884
31883
31878
31875
31874
31873
31870
31869
31866
31866
31855
31850
31850
31849
31847
31847
31847
31844
31842
31838
31836
31835
31833
31832
31831
31821
31818
31816
31811
31800
31799
31797
31788
31785
31785
31778
31775
31772
31772
31772
31761
31755
31753
31749
31747
31745
31742
31741
31740
31738
31736
31728
31724
31721
31721
31717
31717
31716
31714
31703
31702
31702
31698
31687
31685
31685
31684
31682
31677
31675
31668
31666
31666
31662
31651
31646
31645
31633
31612
31612
31611
31611
31610
31606
31604
31601
31598
31597
31596
31594
31589
31587
31584
31582
31581
31579
31579
31578
31577
31577
31574
31571
31571
31564
31559
31558
31550
31544
31542
31541
31540
31538
31534
31529
31524
31523
31520
31518
31515
31515
31509
31509
31508
31499
31497
31495
31493
31493
31489
31485
31484
31480
31480
31475
31473
31469
31469
31462
31462
31457
31454
31452
31447
31437
31435
31432
31426
31426
31426
31421
31418
31413
31412
31408
31407
31406
31400
31395
31391
31383
31381
31380
31377
31375
31370
31365
31363
31362
31357
31356
31355
31349
31348
31345
31343
31333
31328
31323
31319
31318
31318
31316
31314
31313
31310
31309
31304
31288
31288
31286
31286
31274
31270
31269
31264
31262
31257
31254
31252
31251
31250
31249
31246
31243
31239
31238
31232
31229
31229
31225
31220
31215
31212
31211
31208
31193
31192
31191
31190
31187
31185
31185
31181
31180
31173
31172
31162
31161
31158
31149
31148
31148
31144
31138
31138
31130
31124
31122
31111
31111
31094
31093
31093
31090
31090
31086
31084
31081
31078
31072
31067
31062
31053
31044
31040
31038
31030
31026
31018
31015
31015
31013
31010
31001
30997
30997
30995
30992
30990
30986
30986
30986
30984
30983
30978
30975
30971
30968
30960
30959
30954
30953
30948
30945
30942
30942
30940
30933
30930
30927
30926
30922
30914
30913
30907
30905
30904
30901
30901
30900
30899
30899
30896
30896
30895
30894
30893
30889
30888
30883
30879
30876
30875
30874
30871
30867
30866
30866
30861
30860
30853
30852
30841
30837
30831
30830
30829
30827
30826
30825
30822
30819
30817
30817
30816
30816
30813
30813
30810
30808
30805
30801
30798
30794
30793
30790
30790
30789
30787
30780
30777
30768
30768
30767
30767
30765
30763
30759
30758
30754
30750
30743
30740
30738
30731
30731
30730
30728
30726
30722
30718
30716
30713
30705
30705
30704
30699
30695
30688
30685
30682
30679
30678
30675
30675
30672
30665
30663
30661
30660
30657
30656
30656
30654
30654
30649
30646
30641
30639
30631
30622
30618
30617
30614
30614
30609
30604
30595
30592
30591
30586
30585
30584
30579
30574
30573
30572
30571
30569
30560
30555
30554
30553
30542
30538
30538
30524
30522
30521
30520
30516
30515
30514
30507
30504
30503
30499
30499
30492
30486
30485
30481
30479
30475
30473
30469
30466
30465
30459
30457
30457
30446
30440
30438
30431
30425
30422
30422
30421
30415
30412
30411
30403
30396
30391
30388
30387
30386
30385
30385
30377
30374
30374
30370
30366
30361
30360
30360
30357
30353
30350
30347
30346
30346
30336
30335
30332
30331
30330
30322
30320
30317
30316
30314
30314
30313
30303
30301
30298
30293
30292
30290
30284
30281
30279
30277
30273
30270
30254
30252
30250
30247
30246
30237
30235
30232
30232
30231
30227
30221
30220
30215
30214
30203
30200
30200
30199
30199
30183
30183
30177
30158
30157
30156
30154
30153
30152
30147
30147
30146
30146
30146
30140
30140
30140
30140
30138
30137
30133
30131
30113
30112
30104
30102
30100
30098
30097
30092
30092
30090
30090
30087
30086
30084
30079
30075
30074
30073
30066
30063
30060
30057
30057
30046
30039
30035
30034
30029
30027
30026
30024
30020
29998
29998
29996
29996
29995
29984
29956
29953
29948
29948
29946
29939
29937
29937
29935
29934
29934
29932
29931
29930
29928
29925
29924
29921
29917
29916
29914
29910
29902
29899
29899
29898
29897
29895
29880
29880
29879
29877
29869
29867
29858
29851
29850
29847
29841
29841
29837
29836
29836
29834
29827
29826
29820
29814
29812
29807
29805
29803
29800
29794
29793
29793
29791
29787
29787
29785
29783
29776
29774
29770
29764
29761
29760
29760
29760
29758
29755
29752
29749
29747
29739
29734
29722
29721
29720
29717
29715
29714
29710
29702
29701
29700
29695
29692
29689
29683
29681
29678
29667
29667
29659
29656
29654
29652
29651
29649
29647
29645
29641
29640
29639
29637
29635
29625
29615
29614
29613
29612
29612
29609
29609
29606
29605
29603
29598
29596
29592
29592
29590
29583
29579
29579
29572
29567
29567
29562
29558
29555
29547
29542
29542
29540
29540
29532
29530
29528
29524
29514
29514
29513
29513
29512
29511
29510
29495
29485
29484
29480
29476
29474
29473
29468
29468
29467
29464
29462
29459
29457
29456
29454
29452
29450
29449
29437
29437
29435
29434
29434
29423
29421
29417
29405
29405
29401
29400
29396
29394
29386
29380
29379
29377
29370
29368
29358
29354
29352
29350
29350
29350
29350
29347
29347
29346
29346
29336
29335
29335
29328
29321
29318
29317
29313
29307
29305
29302
29300
29298
29298
29296
29295
29293
29290
29284
29283
29282
29280
29278
29276
29271
29270
29270
29264
29264
29263
29263
29262
29260
29260
29257
29254
29252
29250
29249
29246
29243
29242
29233
29232
29230
29230
29228
29225
29224
29221
29216
29203
29201
29198
29193
29187
29182
29181
29180
29175
29173
29171
29163
29163
29161
29156
29145
29142
29141
29137
29136
29134
29122
29122
29120
29120
29119
29118
29111
29107
29100
29099
29088
29088
29080
29079
29077
29076
29064
29063
29058
29057
29056
29052
29047
29045
29044
29043
29042
29037
29035
29035
29033
29028
29024
29023
29023
29022
29020
29017
29014
29010
29008
29000
28998
28987
28987
28986
28984
28981
28974
28972
28970
28968
28968
28962
28952
28951
28948
28936
28935
28935
28928
28926
28925
28921
28917
28914
28911
28906
28890
28880
28880
28878
28874
28873
28866
28865
28861
28858
28857
28856
28847
28846
28846
28845
28836
28836
28834
28832
28832
28831
28830
28827
28827
28825
28820
28820
28818
28818
28815
28807
28804
28799
28794
28786
28785
28783
28781
28781
28780
28779
28775
28773
28766
28762
28760
28760
28759
28755
28753
28752
28751
28749
28746
28746
28745
28741
28739
28739
28738
28736
28735
28734
28730
28725
28724
28724
28724
28719
28717
28716
28716
28715
28712
28712
28712
28708
28707
28703
28698
28698
28697
28696
28691
28689
28687
28675
28669
28669
28665
28663
28655
28647
28645
28644
28642
28636
28629
28623
28623
28617
28613
28612
28609
28607
28606
28606
28600
28597
28596
28593
28590
28584
28579
28577
28575
28575
28574
28573
28572
28571
28562
28558
28556
28555
28555
28552
28543
28536
28533
28532
28530
28528
28528
28520
28518
28511
28505
28498
28496
28495
28495
28494
28489
28476
28475
28475
28474
28473
28472
28472
28467
28466
28464
28460
28453
28451
28447
28443
28442
28442
28436
28436
28434
28423
28415
28411
28410
28409
28395
28394
28393
28386
28383
28379
28377
28375
28373
28371
28368
28367
28367
28356
28356
28356
28353
28353
28352
28349
28346
28343
28342
28342
28340
28337
28330
28326
28323
28321
28319
28317
28317
28305
28303
28301
28298
28296
28296
28291
28290
28287
28283
28283
28282
28281
28274
28260
28252
28248
28245
28241
28233
28221
28220
28215
28214
28210
28210
28206
28205
28203
28201
28197
28193
28193
28191
28189
28189
28181
28179
28178
28177
28175
28171
28166
28165
28158
28154
28154
28154
28150
28149
28149
28148
28140
28139
28131
28128
28125
28122
28122
28121
28102
28101
28071
28071
28065
28064
28064
28062
28060
28059
28052
28044
28036
28032
28027
28024
28023
28021
28019
28019
28017
28015
28009
28008
28005
28004
28004
27997
27996
27994
27992
27987
27980
27976
27975
27971
27968
27963
27963
27956
27951
27938
27918
27908
27906
27903
27895
27895
27889
27886
27886
27879
27874
27871
27871
27867
27863
27863
27863
27863
27862
27850
27849
27844
27841
27839
27837
27837
27832
27832
27828
27824
27824
27821
27817
27810
27809
27809
27806
27804
27802
27801
27796
27794
27792
27792
27791
27790
27786
27779
27777
27774
27772
27768
27767
27766
27761
27759
27757
27750
27747
27745
27742
27739
27734
27731
27727
27720
27719
27717
27715
27714
27711
27707
27705
27704
27697
27692
27692
27691
27678
27678
27672
27668
27665
27662
27662
27658
27657
27656
27655
27654
27652
27644
27641
27639
27637
27634
27627
27627
27624
27617
27615
27613
27611
27603
27582
27581
27577
27566
27565
27563
27560
27559
27552
27552
27551
27542
27538
27537
27537
27533
27528
27519
27518
27517
27510
27510
27506
27505
27504
27488
27481
27474
27472
27469
27466
27456
27454
27451
27451
27446
27445
27442
27438
27433
27430
27424
27422
27418
27417
27416
27410
27407
27406
27401
27399
27391
27388
27387
27386
27379
27377
27376
27376
27374
27371
27367
27357
27356
27355
27350
27346
27344
27343
27327
27322
27319
27317
27317
27303
27300
27299
27297
27293
27286
27284
27280
27279
27279
27272
27271
27256
27253
27249
27239
27237
27237
27234
27221
27217
27212
27209
27208
27205
27194
27193
27184
27184
27180
27177
27176
27173
27171
27169
27168
27166
27164
27160
27160
27160
27157
27153
27152
27142
27141
27141
27140
27139
27133
27130
27129
27128
27126
27120
27118
27113
27106
27106
27106
27105
27103
27101
27095
27093
27089
27077
27074
27073
27066
27066
27065
27060
27053
27051
27035
27032
27031
27030
27019
27017
27017
27016
27013
27001
26997
26997
26988
26981
26973
26972
26965
26965
26963
26960
26959
26958
26957
26955
26954
26948
26938
26937
26937
26937
26936
26932
26924
26923
26921
26920
26915
26914
26911
26911
26905
26904
26903
26901
26898
26894
26892
26892
26887
26886
26881
26880
26869
26861
26856
26847
26843
26841
26832
26831
26820
26810
26810
26805
26797
26794
26793
26791
26786
26781
26780
26778
26778
26776
26768
26755
26755
26750
26750
26746
26742
26742
26733
26731
26724
26721
26718
26715
26709
26706
26705
26705
26700
26697
26696
26692
26692
26685
26684
26678
26678
26678
26674
26672
26666
26661
26660
26658
26658
26653
26653
26648
26647
26643
26638
26638
26637
26637
26633
26622
26621
26620
26619
26615
26614
26610
26601
26598
26589
26587
26581
26581
26581
26580
26578
26567
26565
26564
26560
26553
26552
26546
26541
26540
26537
26530
26528
26527
26525
26520
26520
26519
26519
26515
26514
26513
26508
26501
26500
26496
26491
26489
26484
26482
26477
26475
26475
26470
26469
26468
26467
26467
26466
26465
26460
26456
26456
26452
26448
26444
26438
26436
26436
26435
26424
26423
26421
26416
26415
26414
26414
26414
26413
26410
26408
26404
26402
26397
26396
26387
26385
26384
26384
26383
26383
26382
26380
26377
26375
26373
26370
26363
26358
26356
26351
26346
26344
26344
26340
26339
26336
26334
26331
26329
26328
26321
26315
26315
26315
26314
26311
26308
26303
26300
26300
26298
26298
26296
26292
26276
26274
26274
26261
26259
26259
26257
26256
26255
26254
26254
26253
26252
26249
26236
26234
26221
26220
26218
26216
26212
26212
26211
26207
26206
26206
26204
26201
26186
26183
26183
26182
26178
26175
26168
26161
26160
26159
26159
26143
26143
26134
26121
26121
26116
26116
26110
26107
26101
26100
26098
26098
26097
26093
26093
26091
26088
26088
26083
26078
26076
26073
26072
26071
26070
26068
26063
26061
26060
26053
26050
26048
26040
26039
26038
26037
26036
26030
26025
26023
26022
26021
26021
26021
26020
26020
26017
26013
26007
26006
26004
26002
26002
26002
26001
25997
25996
25992
25990
25986
25986
25977
25974
25965
25960
25958
25952
25950
25950
25947
25940
25936
25934
25934
25927
25926
25919
25918
25918
25913
25910
25908
25907
25904
25899
25890
25890
25888
25886
25884
25883
25871
25863
25856
25849
25847
25840
25837
25836
25834
25829
25821
25812
25805
25805
25803
25799
25792
25792
25791
25787
25784
25782
25782
25780
25778
25777
25776
25772
25764
25752
25749
25747
25741
25741
25741
25740
25732
25728
25719
25716
25709
25698
25694
25690
25688
25686
25684
25684
25681
25679
25676
25676
25676
25675
25664
25663
25661
25658
25655
25653
25651
25649
25647
25644
25642
25642
25641
25638
25635
25627
25615
25612
25611
25607
25592
25585
25583
25580
25573
25573
25572
25566
25563
25556
25551
25550
25547
25541
25535
25535
25528
25525
25517
25517
25516
25514
25513
25511
25509
25504
25502
25497
25496
25495
25484
25478
25478
25473
25472
25470
25470
25470
25469
25467
25461
25458
25456
25453
25453
25447
25447
25442
25441
25438
25434
25430
25429
25425
25421
25416
25416
25412
25405
25403
25399
25395
25394
25394
25392
25384
25365
25363
25359
25352
25351
25347
25346
25345
25345
25342
25336
25336
25335
25333
25326
25325
25324
25324
25324
25321
25320
25319
25317
25313
25313
25311
25309
25307
25304
25301
25301
25301
25299
25296
25292
25283
25273
25271
25270
25267
25259
25258
25258
25253
25252
25250
25249
25246
25242
25239
25236
25230
25225
25220
25217
25215
25208
25201
25201
25201
25199
25195
25176
25176
25173
25173
25166
25157
25148
25145
25141
25131
25130
25130
25129
25124
25124
25121
25121
25116
25114
25113
25111
25104
25102
25101
25100
25095
25095
25092
25087
25081
25071
25071
25062
25059
25054
25050
25048
25039
25039
25036
25035
25034
25032
25027
25018
25009
25009
24998
24996
24994
24993
24989
24980
24977
24975
24975
24975
24974
24973
24964
24962
24958
24957
24953
24953
24951
24948
24947
24946
24946
24942
24942
24942
24939
24932
24931
24928
24924
24923
24923
24923
24915
24912
24907
24906
24902
24898
24891
24891
24890
24887
24869
24865
24852
24849
24847
24841
24835
24833
24830
24825
24823
24822
24820
24819
24819
24816
24812
24808
24805
24802
24795
24794
24784
24783
24782
24778
24777
24771
24763
24759
24759
24755
24755
24748
24742
24740
24730
24729
24727
24723
24722
24720
24715
24715
24710
24709
24704
24701
24697
24695
24692
24692
24691
24687
24684
24684
24675
24674
24668
24666
24665
24664
24663
24662
24661
24657
24657
24653
24649
24645
24642
24640
24639
24631
24631
24622
24618
24618
24616
24616
24615
24614
24614
24608
24605
24602
24595
24592
24591
24586
24584
24581
24579
24566
24565
24565
24562
24556
24552
24551
24544
24543
24534
24531
24518
24516
24511
24507
24504
24503
24501
24497
24493
24491
24491
24490
24487
24483
24481
24480
24478
24474
24474
24466
24465
24458
24457
24453
24448
24446
24445
24443
24442
24435
24428
24427
24424
24414
24414
24414
24411
24408
24407
24405
24396
24396
24392
24391
24388
24385
24381
24381
24378
24378
24377
24377
24371
24363
24356
24352
24352
24349
24348
24348
24344
24343
24342
24339
24338
24337
24334
24334
24327
24323
24317
24316
24313
24303
24300
24287
24286
24286
24284
24279
24272
24265
24263
24263
24259
24257
24252
24251
24251
24250
24250
24249
24247
24244
24241
24235
24227
24225
24224
24218
24216
24213
24210
24209
24201
24200
24198
24196
24179
24177
24172
24171
24170
24169
24165
24163
24162
24160
24154
24153
24152
24147
24143
24142
24141
24137
24134
24132
24118
24101
24094
24088
24087
24086
24085
24082
24080
24079
24076
24073
24072
24069
24066
24065
24061
24046
24039
24038
24034
24032
24029
24028
24022
24020
24017
24011
24010
24009
24008
24002
24000
23991
23990
23986
23984
23979
23978
23976
23968
23961
23961
23958
23955
23954
23946
23943
23943
23939
23938
23935
23933
23921
23917
23915
23911
23909
23908
23900
23898
23890
23889
23888
23888
23882
23879
23876
23875
23871
23869
23869
23868
23860
23860
23859
23845
23836
23831
23828
23824
23823
23821
23819
23818
23816
23799
23798
23794
23790
23789
23788
23785
23785
23784
23778
23767
23766
23760
23758
23752
23752
23751
23746
23745
23743
23737
23736
23734
23720
23712
23709
23707
23702
23701
23695
23695
23694
23691
23690
23689
23687
23686
23681
23675
23673
23672
23659
23652
23648
23647
23642
23640
23637
23637
23633
23630
23630
23627
23626
23626
23623
23619
23618
23614
23611
23609
23600
23599
23596
23595
23591
23590
23581
23578
23578
23573
23572
23562
23562
23561
23557
23549
23549
23536
23533
23528
23526
23525
23523
23510
23507
23499
23497
23496
23496
23493
23487
23485
23485
23480
23480
23477
23475
23471
23469
23467
23462
23458
23457
23455
23447
23440
23426
23423
23422
23419
23416
23413
23409
23408
23404
23399
23397
23397
23392
23392
23390
23389
23387
23379
23375
23372
23371
23368
23368
23365
23364
23364
23363
23352
23351
23349
23347
23343
23342
23341
23332
23331
23330
23323
23322
23321
23320
23317
23314
23304
23299
23295
23292
23289
23285
23282
23281
23278
23278
23272
23268
23264
23264
23257
23256
23254
23250
23245
23243
23239
23238
23234
23229
23226
23226
23210
23210
23199
23192
23187
23187
23186
23185
23183
23182
23181
23177
23172
23161
23161
23158
23158
23157
23157
23152
23150
23148
23147
23145
23137
23134
23133
23114
23113
23102
23100
23099
23098
23098
23098
23095
23093
23093
23090
23090
23089
23087
23085
23085
23080
23079
23078
23073
23064
23060
23055
23054
23052
23051
23050
23050
23049
23048
23045
23042
23039
23038
23036
23035
23034
23033
23032
23031
23029
23027
23027
23022
23022
23016
23015
23007
23007
23001
22995
22992
22991
22986
22983
22981
22980
22978
22976
22974
22964
22964
22950
22950
22945
22942
22942
22939
22929
22920
22917
22917
22913
22912
22906
22901
22895
22894
22890
22886
22885
22877
22873
22872
22869
22869
22857
22852
22851
22851
22846
22844
22838
22836
22830
22828
22823
22819
22813
22812
22806
22803
22801
22801
22800
22799
22796
22791
22788
22786
22784
22781
22766
22764
22764
22759
22758
22744
22738
22734
22733
22732
22731
22731
22721
22712
22708
22708
22708
22707
22705
22696
22688
22686
22685
22684
22683
22681
22677
22675
22675
22670
22667
22661
22658
22651
22650
22650
22640
22640
22634
22630
22625
22624
22623
22614
22612
22606
22603
22599
22599
22596
22595
22594
22591
22579
22579
22563
22563
22559
22557
22553
22548
22541
22540
22537
22534
22532
22530
22528
22527
22524
22517
22514
22512
22501
22501
22500
22499
22495
22494
22493
22479
22473
22473
22473
22466
22466
22464
22460
22455
22447
22447
22445
22445
22433
22427
22421
22418
22416
22408
22403
22403
22399
22396
22395
22395
22392
22391
22391
22389
22386
22385
22384
22380
22379
22376
22372
22367
22363
22361
22359
22359
22351
22350
22350
22347
22341
22340
22335
22330
22328
22327
22327
22325
22321
22317
22315
22313
22312
22312
22310
22309
22306
22305
22304
22298
22297
22293
22292
22292
22281
22279
22278
22276
22269
22269
22268
22263
22259
22258
22248
22246
22243
22227
22223
22222
22222
22221
22221
22218
22211
22205
22205
22205
22201
22201
22199
22196
22193
22188
22188
22184
22183
22183
22180
22176
22174
22168
22162
22162
22161
22152
22151
22150
22149
22148
22146
22145
22141
22140
22140
22139
22138
22137
22135
22128
22126
22124
22121
22120
22118
22116
22114
22113
22108
22100
22094
22093
22088
22087
22086
22082
22081
22076
22074
22066
22064
22053
22052
22050
22040
22039
22037
22034
22030
22030
22028
22022
22020
22018
22009
22003
22000
21994
21994
21989
21983
21965
21963
21950
21949
21947
21946
21943
21939
21925
21923
21922
21922
21921
21918
21917
21913
21912
21912
21912
21902
21900
21899
21895
21894
21889
21888
21878
21874
21867
21860
21851
21848
21845
21841
21839
21835
21833
21832
21829
21827
21825
21824
21819
21810
21806
21803
21802
21801
21799
21792
21790
21788
21781
21772
21772
21771
21759
21750
21747
21746
21745
21744
21740
21737
21737
21734
21734
21730
21726
21723
21722
21721
21718
21708
21705
21700
21696
21696
21693
21691
21684
21680
21678
21674
21673
21671
21669
21661
21658
21658
21653
21653
21652
21645
21631
21631
21630
21628
21628
21627
21619
21617
21617
21615
21614
21613
21612
21608
21608
21602
21594
21593
21593
21586
21582
21582
21581
21580
21579
21578
21575
21572
21572
21567
21565
21564
21563
21563
21558
21558
21557
21554
21549
21538
21533
21532
21531
21527
21522
21507
21507
21507
21497
21496
21493
21488
21486
21485
21485
21484
21482
21481
21476
21470
21469
21469
21465
21463
21457
21456
21447
21439
21434
21434
21428
21427
21426
21423
21420
21420
21418
21418
21417
21408
21407
21404
21400
21393
21391
21386
21382
21382
21379
21377
21370
21368
21362
21357
21355
21353
21353
21353
21351
21348
21344
21341
21339
21339
21337
21334
21332
21331
21329
21321
21318
21315
21309
21306
21297
21295
21288
21285
21279
21278
21273
21273
21272
21270
21270
21262
21262
21262
21261
21258
21249
21243
21236
21235
21230
21226
21223
21219
21215
21210
21209
21207
21207
21206
21203
21203
21198
21189
21187
21178
21176
21173
21172
21170
21166
21166
21160
21156
21156
21155
21155
21154
21150
21149
21147
21147
21147
21143
21141
21141
21138
21137
21135
21134
21133
21131
21129
21128
21124
21112
21111
21110
21108
21107
21104
21093
21087
21076
21075
21071
21068
21063
21060
21059
21058
21057
21056
21055
21052
21051
21044
21042
21040
21032
21028
21027
21019
21018
21016
21016
21015
21015
21014
21014
21013
21007
21005
21005
21005
20998
20998
20996
20994
20993
20989
20968
20966
20963
20959
20953
20952
20943
20942
20940
20940
20937
20936
20933
20933
20932
20930
20926
20916
20913
20912
20907
20904
20903
20899
20896
20895
20885
20885
20881
20875
20870
20869
20869
20859
20855
20855
20852
20849
20848
20848
20845
20842
20840
20837
20825
20824
20824
20820
20820
20819
20819
20818
20818
20816
20815
20814
20811
20810
20809
20802
20801
20797
20795
20791
20789
20782
20777
20771
20770
20767
20762
20762
20761
20757
20755
20752
20751
20751
20750
20748
20747
20744
20743
20736
20729
20728
20725
20722
20721
20721
20721
20717
20709
20709
20705
20704
20702
20698
20689
20688
20683
20678
20677
20666
20661
20655
20649
20644
20644
20643
20643
20642
20638
20638
20637
20632
20632
20626
20625
20619
20617
20610
20602
20597
20596
20588
20584
20580
20575
20572
20567
20560
20559
20556
20556
20550
20541
20539
20538
20529
20528
20522
20520
20517
20516
20516
20515
20515
20514
20514
20513
20512
20499
20498
20490
20482
20481
20480
20480
20476
20475
20472
20466
20460
20460
20458
20453
20448
20443
20442
20438
20436
20432
20431
20426
20425
20420
20417
20416
20415
20414
20413
20412
20410
20410
20406
20406
20406
20403
20396
20394
20393
20389
20382
20378
20370
20368
20365
20363
20362
20354
20353
20349
20349
20348
20338
20335
20334
20322
20322
20318
20315
20313
20311
20306
20299
20298
20297
20297
20295
20291
20284
20284
20283
20283
20278
20276
20274
20273
20270
20261
20259
20255
20252
20251
20250
20249
20246
20243
20242
20233
20232
20228
20226
20223
20223
20222
20222
20219
20219
20213
20213
20213
20207
20198
20189
20189
20183
20183
20182
20181
20181
20180
20177
20174
20173
20162
20159
20151
20151
20150
20149
20146
20133
20125
20117
20114
20113
20112
20111
20110
20109
20106
20101
20100
20099
20099
20097
20096
20089
20089
20089
20084
20084
20078
20075
20074
20072
20071
20071
20070
20064
20064
20063
20058
20052
20042
20039
20038
20033
20032
20024
20007
20007
20002
19996
19992
19992
19989
19981
19981
19977
19971
19968
19968
19965
19962
19959
19949
19944
19938
19938
19931
19929
19928
19925
19921
19918
19914
19912
19909
19909
19906
19904
19901
19897
19894
19893
19888
19885
19884
19884
19881
19869
19859
19858
19854
19854
19853
19853
19852
19851
19848
19845
19845
19841
19835
19828
19828
19828
19827
19827
19826
19824
19819
19814
19814
19806
19798
19798
19794
19792
19774
19773
19772
19771
19768
19764
19763
19762
19761
19760
19760
19756
19755
19755
19755
19748
19741
19738
19735
19731
19728
19715
19714
19712
19708
19706
19703
19702
19701
19696
19680
19677
19670
19667
19664
19664
19656
19656
19649
19648
19642
19641
19639
19628
19621
19610
19609
19608
19604
19601
19597
19596
19594
19593
19592
19590
19583
19582
19580
19575
19572
19569
19567
19559
19559
19556
19550
19547
19545
19543
19535
19532
19525
19516
19512
19511
19510
19508
19506
19497
19496
19492
19490
19487
19479
19471
19468
19467
19467
19465
19462
19458
19450
19447
19447
19447
19444
19444
19441
19431
19424
19414
19413
19405
19403
19403
19403
19402
19399
19398
19394
19388
19385
19384
19382
19382
19380
19378
19376
19375
19373
19369
19366
19365
19365
19362
19362
19360
19356
19356
19353
19351
19350
19340
19337
19336
19329
19325
19323
19310
19305
19305
19298
19293
19288
19287
19283
19283
19272
19266
19260
19254
19254
19251
19248
19246
19244
19242
19240
19233
19232
19225
19223
19222
19220
19213
19213
19201
19201
19200
19192
19185
19184
19183
19164
19161
19153
19152
19147
19146
19144
19140
19138
19132
19131
19130
19128
19122
19121
19114
19113
19113
19109
19106
19102
19099
19097
19094
19092
19092
19089
19089
19088
19087
19085
19083
19082
19081
19080
19072
19063
19056
19052
19050
19045
19044
19040
19012
19012
19011
19008
19003
19002
19000
18998
18998
18996
18995
18992
18983
18978
18973
18970
18966
18965
18964
18961
18959
18959
18957
18955
18955
18955
18946
18944
18941
18937
18936
18929
18929
18928
18925
18914
18911
18910
18909
18905
18904
18903
18897
18895
18890
18888
18888
18887
18881
18874
18872
18866
18858
18855
18854
18853
18853
18847
18844
18840
18839
18839
18838
18832
18832
18827
18824
18822
18822
18818
18815
18811
18809
18803
18803
18796
18796
18791
18783
18780
18779
18778
18767
18767
18761
18758
18758
18758
18757
18755
18754
18750
18745
18744
18737
18737
18732
18731
18731
18729
18728
18722
18720
18716
18713
18709
18706
18705
18705
18705
18704
18704
18703
18695
18679
18678
18676
18672
18671
18671
18670
18669
18667
18666
18666
18665
18663
18657
18657
18655
18650
18649
18648
18646
18642
18640
18639
18638
18636
18630
18622
18620
18614
18611
18607
18605
18603
18599
18596
18594
18593
18591
18590
18583
18576
18572
18561
18560
18560
18552
18547
18546
18543
18542
18541
18540
18534
18533
18528
18516
18503
18503
18502
18501
18499
18494
18490
18486
18485
18481
18473
18472
18471
18470
18464
18463
18461
18461
18458
18455
18452
18442
18434
18429
18428
18425
18420
18418
18414
18411
18411
18397
18394
18394
18389
18387
18381
18380
18377
18371
18371
18368
18366
18366
18363
18360
18358
18354
18353
18349
18346
18345
18341
18341
18341
18340
18335
18333
18333
18329
18325
18323
18318
18311
18308
18304
18304
18298
18298
18293
18292
18288
18282
18278
18274
18270
18269
18267
18257
18256
18251
18245
18233
18233
18233
18233
18231
18231
18225
18224
18221
18219
18215
18211
18210
18204
18202
18200
18200
18193
18192
18188
18185
18180
18180
18179
18163
18157
18156
18148
18143
18142
18141
18135
18134
18130
18125
18124
18122
18116
18115
18106
18097
18096
18094
18084
18083
18075
18068
18067
18066
18063
18056
18054
18053
18050
18048
18044
18043
18039
18036
18035
18035
18024
18022
18022
18021
18010
18009
18008
18005
18004
18002
17993
17993
17991
17988
17978
17976
17970
17968
17963
17958
17958
17951
17951
17949
17940
17939
17933
17931
17921
17915
17913
17903
17900
17891
17885
17883
17879
17877
17874
17867
17864
17862
17862
17861
17860
17857
17856
17856
17853
17853
17853
17852
17846
17844
17831
17827
17827
17827
17821
17820
17816
17816
17805
17803
17803
17801
17798
17794
17792
17790
17788
17786
17764
17748
17746
17746
17742
17729
17723
17721
17721
17719
17719
17714
17712
17708
17707
17702
17699
17697
17696
17692
17692
17691
17685
17678
17675
17670
17666
17665
17662
17662
17658
17657
17656
17656
17655
17653
17652
17649
17649
17648
17647
17642
17641
17637
17635
17632
17632
17628
17624
17619
17619
17618
17611
17596
17588
17588
17586
17584
17581
17581
17580
17576
17576
17571
17566
17565
17562
17560
17557
17550
17549
17545
17544
17543
17541
17538
17536
17522
17521
17512
17511
17505
17505
17504
17500
17498
17497
17493
17491
17485
17485
17483
17480
17479
17477
17477
17468
17468
17459
17449
17443
17441
17433
17430
17429
17423
17417
17414
17408
17407
17405
17403
17401
17399
17397
17393
17390
17389
17386
17371
17364
17342
17337
17328
17326
17319
17319
17318
17311
17305
17303
17303
17302
17300
17298
17294
17293
17281
17279
17275
17273
17272
17266
17265
17264
17254
17254
17253
17251
17248
17241
17235
17232
17231
17226
17217
17211
17209
17203
17202
17200
17199
17199
17198
17192
17186
17185
17182
17181
17177
17165
17164
17159
17159
17155
17154
17147
17147
17138
17138
17130
17125
17121
17121
17119
17117
17117
17115
17107
17105
17103
17102
17102
17087
17085
17079
17075
17068
17065
17061
17060
17057
17053
17049
17048
17040
17040
17037
17024
17023
17019
17018
17016
17010
17008
17004
17002
17002
17000
16999
16998
16994
16993
16989
16989
16984
16981
16979
16979
16976
16972
16972
16968
16967
16966
16965
16963
16962
16947
16938
16938
16937
16937
16935
16931
16931
16921
16918
16906
16905
16903
16903
16902
16901
16898
16897
16893
16892
16892
16891
16889
16888
16888
16886
16885
16877
16876
16874
16868
16862
16862
16854
16841
16840
16827
16826
16822
16822
16819
16815
16814
16812
16808
16806
16805
16804
16802
16800
16798
16792
16790
16789
16773
16770
16759
16759
16755
16751
16748
16743
16738
16736
16735
16726
16725
16718
16718
16704
16699
16695
16692
16681
16681
16680
16675
16673
16672
16670
16668
16666
16666
16658
16657
16655
16645
16644
16643
16641
16639
16637
16635
16631
16629
16622
16620
16619
16611
16610
16604
16602
16600
16590
16587
16584
16584
16584
16577
16576
16574
16573
16572
16565
16557
16556
16553
16551
16550
16549
16549
16548
16539
16537
16536
16534
16533
16525
16524
16524
16522
16516
16509
16503
16501
16494
16489
16486
16484
16478
16477
16476
16476
16475
16474
16473
16471
16469
16468
16468
16467
16467
16465
16462
16453
16453
16452
16452
16445
16444
16434
16434
16433
16433
16431
16430
16420
16417
16412
16404
16403
16403
16400
16400
16397
16395
16393
16393
16392
16392
16391
16388
16382
16378
16369
16367
16363
16360
16355
16354
16352
16352
16349
16348
16348
16348
16348
16348
16346
16345
16341
16340
16332
16330
16330
16330
16330
16321
16318
16313
16307
16301
16297
16297
16292
16285
16284
16282
16281
16278
16274
16270
16269
16269
16268
16263
16260
16260
16256
16255
16247
16245
16242
16237
16237
16228
16228
16222
16221
16210
16208
16206
16205
16202
16200
16197
16197
16197
16194
16191
16183
16182
16179
16170
16170
16168
16163
16161
16160
16159
16158
16154
16148
16147
16145
16138
16131
16131
16131
16130
16128
16127
16125
16123
16122
16114
16112
16112
16107
16104
16099
16098
16096
16092
16091
16087
16085
16084
16083
16073
16072
16061
16060
16055
16055
16054
16052
16050
16040
16040
16039
16036
16014
16012
16001
15998
15990
15986
15986
15985
15983
15979
15973
15972
15965
15965
15955
15954
15953
15952
15952
15944
15937
15928
15927
15927
15923
15916
15914
15914
15912
15911
15909
15909
15907
15900
15895
15894
15894
15893
15889
15879
15876
15876
15875
15874
15873
15870
15866
15865
15863
15860
15858
15858
15850
15841
15838
15825
15824
15813
15811
15806
15805
15805
15804
15804
15799
15794
15794
15785
15783
15781
15776
15775
15773
15772
15767
15763
15759
15745
15744
15740
15738
15738
15736
15734
15733
15732
15727
15724
15721
15718
15717
15709
15697
15695
15691
15681
15676
15672
15670
15670
15666
15664
15658
15658
15655
15652
15646
15643
15643
15642
15628
15626
15625
15623
15623
15622
15620
15614
15614
15612
15611
15598
15596
15589
15588
15588
15583
15582
15573
15565
15563
15563
15557
15549
15542
15522
15521
15521
15516
15514
15513
15511
15509
15506
15506
15497
15497
15489
15485
15484
15474
15474
15473
15468
15468
15467
15466
15464
15462
15455
15455
15454
15452
15451
15447
15447
15447
15437
15436
15434
15433
15427
15422
15421
15416
15415
15413
15410
15408
15401
15400
15400
15399
15396
15394
15393
15391
15390
15387
15384
15379
15378
15376
15373
15373
15366
15362
15357
15356
15352
15347
15347
15344
15343
15338
15336
15331
15330
15320
15320
15319
15319
15318
15312
15309
15307
15306
15306
15298
15293
15290
15289
15283
15282
15279
15276
15266
15262
15256
15249
15237
15235
15231
15227
15226
15226
15219
15216
15213
15213
15203
15202
15196
15194
15188
15188
15188
15182
15179
15175
15175
15175
15173
15169
15166
15164
15163
15153
15151
15141
15140
15139
15133
15131
15128
15127
15127
15124
15123
15114
15113
15111
15107
15107
15101
15098
15098
15096
15094
15092
15089
15087
15080
15073
15068
15054
15042
15041
15033
15032
15026
15025
15019
15015
15013
15009
15007
14993
14981
14975
14969
14967
14964
14951
14951
14950
14950
14948
14947
14942
14942
14940
14935
14933
14933
14930
14928
14926
14925
14925
14923
14913
14910
14910
14904
14900
14900
14893
14883
14877
14871
14869
14864
14854
14847
14847
14843
14842
14839
14834
14832
14831
14827
14823
14822
14820
14820
14813
14812
14809
14798
14796
14794
14791
14791
14786
14764
14764
14763
14761
14761
14761
14754
14753
14749
14746
14744
14743
14742
14739
14738
14736
14735
14732
14729
14725
14724
14723
14721
14710
14708
14706
14704
14702
14699
14692
14682
14682
14664
14661
14653
14649
14645
14645
14643
14641
14641
14636
14634
14631
14629
14628
14628
14628
14621
14618
14617
14599
14590
14589
14582
14580
14575
14575
14575
14567
14558
14557
14556
14552
14549
14548
14540
14536
14535
14530
14526
14525
14521
14515
14506
14501
14499
14496
14493
14491
14486
14485
14482
14482
14482
14480
14477
14475
14469
14464
14464
14461
14456
14450
14449
14447
14445
14436
14435
14433
14431
14428
14428
14426
14425
14422
14419
14416
14400
14397
14392
14387
14377
14374
14370
14366
14363
14360
14352
14349
14349
14343
14340
14334
14332
14321
14319
14319
14317
14316
14313
14310
14308
14302
14301
14300
14297
14294
14289
14286
14285
14279
14271
14270
14262
14259
14256
14254
14248
14247
14242
14237
14236
14235
14232
14228
14216
14200
14198
14198
14191
14188
14184
14172
14161
14160
14160
14159
14157
14156
14155
14154
14151
14146
14138
14136
14135
14131
14131
14130
14129
14128
14123
14116
14106
14105
14102
14097
14096
14095
14094
14089
14088
14084
14080
14075
14066
14060
14060
14055
14054
14052
14052
14049
14048
14046
14046
14039
14038
14034
14032
14031
14030
14029
14027
14027
14024
14020
14018
14015
14009
14007
14002
13994
13990
13990
13987
13986
13983
13977
13974
13969
13964
13963
13962
13959
13957
13955
13955
13950
13948
13948
13948
13942
13942
13940
13924
13924
13919
13919
13914
13913
13913
13909
13907
13906
13890
13888
13887
13884
13880
13879
13875
13870
13869
13866
13865
13857
13849
13845
13839
13836
13835
13833
13832
13830
13823
13821
13819
13817
13817
13813
13811
13811
13811
13804
13800
13800
13796
13783
13777
13776
13772
13772
13769
13768
13766
13764
13763
13755
13746
13746
13740
13738
13736
13732
13729
13724
13724
13723
13720
13719
13718
13718
13715
13714
13710
13707
13698
13693
13690
13681
13680
13671
13670
13669
13669
13664
13664
13661
13661
13659
13658
13657
13652
13645
13643
13641
13637
13635
13633
13630
13630
13626
13626
13626
13624
13620
13619
13613
13612
13609
13606
13600
13600
13598
13593
13592
13588
13583
13583
13582
13581
13578
13575
13572
13570
13569
13559
13558
13552
13551
13549
13548
13546
13545
13545
13545
13544
13535
13531
13527
13527
13524
13523
13522
13513
13508
13504
13501
13495
13494
13489
13489
13489
13479
13471
13469
13467
13467
13458
13457
13456
13455
13455
13452
13449
13437
13435
13433
13433
13428
13427
13426
13424
13424
13416
13416
13416
13415
13414
13409
13401
13401
13400
13396
13396
13393
13386
13386
13385
13381
13374
13368
13365
13364
13362
13359
13355
13347
13345
13345
13344
13340
13325
13313
13308
13306
13306
13305
13301
13297
13295
13293
13285
13283
13280
13277
13275
13275
13273
13266
13265
13262
13261
13260
13242
13238
13238
13233
13231
13231
13226
13217
13215
13210
13208
13203
13195
13193
13188
13187
13181
13176
13169
13166
13159
13157
13152
13151
13146
13146
13145
13145
13137
13134
13133
13131
13127
13127
13126
13122
13116
13114
13114
13110
13105
13104
13103
13100
13098
13096
13095
13090
13089
13089
13088
13088
13086
13083
13072
13065
13064
13052
13042
13041
13039
13037
13036
13035
13035
13030
13028
13026
13026
13024
13024
13019
13013
13008
13007
13000
12998
12998
12997
12987
12984
12982
12982
12980
12974
12970
12965
12959
12957
12957
12937
12935
12931
12929
12926
12920
12920
12919
12914
12914
12912
12910
12910
12909
12907
12904
12901
12901
12899
12898
12890
12881
12879
12878
12878
12875
12864
12862
12861
12859
12854
12853
12850
12837
12836
12825
12823
12819
12819
12819
12815
12815
12812
12810
12810
12808
12807
12805
12798
12798
12794
12793
12788
12778
12766
12766
12766
12757
12755
12752
12751
12747
12746
12745
12742
12736
12730
12726
12719
12719
12713
12713
12705
12705
12701
12700
12700
12690
12686
12685
12683
12683
12680
12678
12678
12675
12669
12657
12657
12657
12650
12648
12644
12641
12631
12627
12619
12617
12616
12613
12610
12605
12603
12601
12599
12597
12594
12591
12583
12582
12582
12581
12581
12572
12571
12569
12568
12566
12564
12558
12556
12556
12555
12552
12547
12546
12545
12540
12540
12532
12531
12524
12519
12516
12513
12513
12509
12508
12502
12499
12481
12481
12477
12476
12475
12475
12475
12475
12474
12471
12469
12466
12466
12453
12452
12445
12436
12436
12432
12432
12430
12419
12417
12416
12413
12411
12406
12405
12394
12389
12389
12386
12383
12382
12381
12379
12378
12372
12370
12367
12365
12358
12356
12336
12335
12329
12329
12327
12326
12323
12320
12320
12319
12317
12315
12306
12304
12302
12295
12294
12287
12282
12282
12278
12273
12269
12269
12268
12266
12264
12259
12255
12251
12246
12240
12238
12236
12235
12234
12227
12222
12217
12215
12210
12209
12191
12187
12186
12185
12185
12179
12170
12166
12164
12163
12162
12161
12159
12154
12146
12144
12143
12143
12137
12129
12125
12125
12123
12122
12118
12117
12110
12107
12101
12094
12093
12088
12087
12085
12084
12083
12078
12065
12065
12064
12055
12047
12041
12033
12028
12026
12024
12023
12017
12017
12013
12010
12009
12008
12002
12002
12002
12001
11997
11994
11994
11989
11988
11986
11983
11981
11980
11980
11980
11975
11975
11974
11963
11959
11957
11955
11954
11953
11947
11947
11944
11944
11942
11939
11937
11935
11934
11925
11924
11914
11912
11908
11907
11904
11887
11885
11885
11884
11883
11880
11872
11866
11865
11861
11860
11856
11850
11848
11845
11840
11839
11837
11836
11833
11824
11812
11812
11811
11810
11808
11808
11808
11807
11804
11799
11796
11792
11789
11778
11778
11767
11766
11762
11759
11757
11755
11753
11752
11747
11745
11739
11737
11735
11732
11732
11726
11716
11712
11708
11706
11705
11701
11700
11696
11695
11694
11690
11688
11683
11682
11675
11675
11673
11673
11670
11669
11669
11663
11661
11659
11659
11649
11647
11641
11640
11633
11628
11627
11627
11624
11622
11622
11618
11614
11613
11610
11609
11600
11595
11594
11592
11589
11586
11584
11581
11581
11574
11571
11569
11567
11566
11563
11560
11559
11545
11542
11541
11537
11536
11531
11529
11528
11527
11521
11519
11515
11506
11503
11494
11485
11478
11474
11474
11470
11466
11464
11461
11461
11460
11460
11458
11455
11454
11451
11451
11450
11445
11442
11442
11437
11435
11429
11427
11426
11423
11423
11417
11416
11414
11413
11407
11407
11405
11398
11398
11397
11396
11390
11390
11388
11381
11371
11367
11362
11360
11359
11352
11331
11329
11327
11317
11316
11308
11308
11307
11304
11301
11301
11298
11295
11290
11289
11275
11274
11274
11267
11265
11265
11262
11258
11256
11256
11254
11251
11244
11243
11241
11237
11233
11227
11216
11214
11209
11207
11191
11190
11187
11183
11181
11180
11169
11164
11163
11157
11154
11152
11149
11145
11142
11138
11134
11128
11126
11123
11116
11110
11096
11095
11094
11090
11084
11084
11079
11073
11067
11067
11059
11058
11056
11051
11037
11035
11033
11030
11028
11028
11024
11023
11020
11019
11017
11014
11012
11011
11009
11005
10999
10999
10995
10983
10982
10980
10979
10979
10978
10974
10968
10968
10968
10967
10962
10961
10961
10960
10956
10955
10955
10954
10941
10938
10938
10934
10931
10926
10920
10912
10912
10911
10910
10909
10908
10908
10903
10901
10900
10892
10889
10882
10881
10881
10880
10879
10878
10876
10874
10870
10868
10867
10865
10863
10861
10844
10840
10840
10838
10834
10833
10826
10823
10822
10817
10816
10814
10811
10809
10807
10802
10796
10795
10792
10780
10776
10776
10768
10765
10764
10761
10747
10746
10740
10740
10739
10732
10728
10727
10722
10716
10715
10709
10705
10702
10701
10693
10693
10682
10681
10681
10678
10676
10671
10668
10662
10657
10653
10648
10648
10644
10634
10631
10621
10620
10620
10619
10618
10615
10614
10613
10611
10609
10608
10608
10608
10607
10607
10606
10605
10597
10589
10583
10583
10581
10573
10572
10563
10560
10559
10559
10554
10553
10553
10548
10548
10547
10544
10542
10539
10537
10534
10534
10529
10521
10520
10518
10513
10507
10500
10500
10500
10494
10493
10488
10486
10484
10483
10474
10472
10472
10468
10465
10465
10465
10464
10463
10460
10458
10453
10453
10452
10440
10436
10436
10435
10433
10431
10428
10426
10422
10422
10420
10419
10410
10409
10404
10399
10398
10390
10387
10387
10386
10385
10380
10380
10379
10379
10378
10371
10370
10369
10367
10356
10354
10353
10350
10348
10344
10337
10336
10334
10331
10331
10328
10327
10326
10326
10321
10317
10315
10312
10309
10309
10308
10307
10303
10302
10294
10293
10286
10284
10282
10280
10275
10273
10269
10268
10259
10257
10255
10252
10251
10249
10248
10246
10246
10245
10244
10242
10232
10230
10227
10227
10225
10219
10217
10217
10214
10214
10211
10209
10200
10197
10196
10188
10182
10182
10180
10175
10173
10173
10170
10166
10166
10166
10163
10160
10158
10158
10150
10148
10148
10146
10141
10138
10135
10132
10124
10122
10121
10117
10117
10115
10109
10107
10103
10095
10094
10089
10088
10086
10080
10078
10078
10075
10074
10068
10066
10065
10063
10062
10058
10055
10054
10043
10036
10035
10030
10023
10020
10020
10017
10015
10013
10013
10011
10009
10008
10007
10004
9994
9988
9987
9984
9981
9980
9972
9971
9971
9964
9963
9958
9954
9953
9952
9952
9949
9947
9945
9944
9938
9937
9932
9929
9923
9921
9920
9919
9919
9909
9908
9903
9901
9899
9899
9896
9891
9890
9887
9881
9875
9869
9867
9865
9864
9859
9856
9853
9852
9851
9850
9843
9842
9840
9840
9828
9825
9819
9810
9804
9803
9802
9802
9800
9800
9799
9792
9791
9784
9782
9781
9780
9776
9775
9773
9765
9763
9762
9760
9757
9752
9749
9744
9744
9742
9742
9742
9738
9734
9734
9729
9727
9725
9723
9723
9719
9718
9712
9709
9704
9699
9692
9692
9689
9681
9679
9679
9678
9670
9669
9667
9656
9654
9653
9652
9640
9636
9634
9633
9633
9631
9630
9613
9613
9609
9603
9599
9599
9591
9590
9583
9582
9579
9577
9576
9575
9567
9563
9555
9554
9547
9546
9543
9538
9532
9532
9531
9528
9520
9518
9510
9504
9500
9495
9494
9493
9492
9488
9485
9482
9477
9468
9467
9464
9457
9456
9451
9446
9435
9430
9427
9426
9423
9418
9412
9411
9410
9410
9406
9400
9400
9399
9393
9392
9388
9388
9386
9386
9381
9381
9377
9375
9374
9365
9360
9360
9358
9354
9353
9349
9347
9346
9346
9338
9337
9333
9333
9332
9332
9327
9319
9316
9305
9305
9302
9300
9296
9295
9295
9291
9290
9289
9286
9280
9279
9276
9276
9276
9268
9268
9267
9263
9256
9253
9253
9252
9251
9250
9239
9238
9237
9237
9235
9234
9231
9223
9217
9211
9210
9199
9196
9181
9177
9173
9172
9171
9163
9161
9160
9145
9145
9142
9138
9136
9134
9127
9116
9115
9106
9100
9099
9097
9095
9090
9089
9087
9086
9079
9077
9073
9073
9072
9070
9063
9063
9061
9049
9045
9042
9039
9029
9029
9027
9026
9023
9014
9012
9012
9011
9009
9006
9004
9003
9003
9002
9002
9002
9000
8999
8990
8988
8986
8984
8984
8981
8979
8978
8970
8965
8960
8957
8955
8955
8944
8943
8941
8933
8932
8932
8928
8927
8923
8914
8910
8907
8905
8902
8886
8884
8883
8878
8876
8875
8870
8867
8867
8865
8857
8856
8855
8854
8850
8849
8849
8842
8839
8839
8835
8833
8831
8827
8822
8821
8820
8815
8815
8815
8811
8806
8804
8801
8799
8794
8793
8792
8789
8784
8783
8777
8777
8776
8773
8771
8766
8765
8765
8762
8761
8760
8757
8756
8754
8748
8743
8741
8729
8729
8725
8723
8720
8716
8710
8710
8708
8704
8699
8698
8694
8690
8689
8689
8684
8684
8684
8682
8681
8680
8668
8666
8663
8660
8660
8658
8656
8654
8652
8651
8650
8647
8644
8642
8639
8639
8637
8636
8628
8626
8626
8623
8619
8618
8614
8611
8607
8602
8602
8599
8595
8594
8593
8588
8569
8565
8562
8558
8556
8553
8551
8547
8542
8539
8537
8536
8535
8535
8527
8525
8524
8522
8521
8515
8512
8511
8504
8501
8498
8487
8482
8475
8472
8465
8462
8460
8460
8459
8457
8453
8450
8444
8442
8438
8433
8429
8428
8428
8420
8418
8418
8417
8412
8408
8407
8404
8401
8398
8395
8395
8390
8385
8384
8384
8380
8376
8375
8374
8371
8369
8365
8363
8350
8349
8347
8346
8344
8335
8334
8334
8331
8325
8325
8322
8321
8320
8318
8317
8316
8315
8313
8308
8305
8300
8297
8296
8294
8291
8289
8286
8283
8282
8281
8279
8275
8272
8271
8266
8263
8262
8261
8259
8247
8246
8236
8214
8213
8208
8201
8201
8198
8198
8198
8197
8197
8194
8193
8192
8188
8186
8183
8182
8180
8177
8177
8176
8173
8170
8169
8168
8168
8161
8157
8154
8147
8144
8142
8129
8127
8126
8117
8113
8112
8109
8109
8108
8106
8100
8094
8092
8090
8089
8088
8087
8085
8081
8073
8069
8068
8063
8063
8057
8056
8051
8050
8050
8046
8043
8043
8039
8035
8033
8028
8022
8020
8016
8015
8008
7999
7993
7983
7981
7978
7975
7974
7972
7963
7958
7958
7956
7952
7951
7945
7943
7939
7937
7937
7935
7933
7932
7931
7927
7925
7922
7919
7914
7909
7906
7905
7904
7898
7894
7887
7885
7885
7884
7881
7879
7878
7876
7874
7871
7865
7863
7861
7859
7856
7855
7850
7850
7848
7848
7847
7847
7846
7846
7843
7840
7835
7834
7827
7822
7821
7816
7811
7810
7810
7807
7804
7803
7802
7795
7791
7791
7790
7790
7789
7776
7775
7764
7753
7751
7749
7748
7746
7742
7740
7729
7719
7713
7707
7705
7705
7700
7697
7693
7693
7692
7691
7688
7687
7674
7671
7670
7668
7664
7663
7662
7649
7642
7641
7640
7639
7636
7635
7634
7631
7617
7615
7614
7606
7605
7601
7601
7597
7596
7596
7589
7580
7580
7576
7575
7571
7566
7564
7562
7561
7557
7549
7546
7543
7540
7537
7536
7536
7528
7527
7523
7506
7500
7495
7494
7491
7489
7488
7483
7480
7475
7474
7462
7459
7446
7439
7435
7433
7429
7429
7426
7423
7423
7415
7415
7413
7405
7403
7401
7398
7396
7394
7390
7390
7386
7385
7380
7376
7375
7371
7354
7350
7350
7349
7349
7347
7343
7342
7341
7338
7335
7323
7319
7314
7312
7311
7308
7299
7298
7298
7297
7295
7294
7288
7288
7279
7276
7272
7271
7271
7270
7268
7267
7259
7257
7254
7252
7249
7246
7246
7244
7243
7241
7239
7226
7223
7221
7217
7217
7209
7202
7200
7197
7197
7195
7194
7181
7180
7179
7176
7172
7169
7160
7152
7151
7149
7148
7147
7147
7135
7122
7117
7111
7110
7109
7107
7107
7101
7093
7092
7091
7090
7090
7085
7084
7071
7066
7065
7063
7059
7055
7054
7051
7051
7051
7050
7049
7035
7033
7024
7023
7021
7021
7017
7017
7011
6999
6999
6997
6997
6994
6987
6985
6985
6984
6983
6974
6967
6959
6958
6958
6954
6953
6952
6948
6942
6941
6940
6939
6938
6937
6936
6934
6933
6931
6930
6922
6921
6913
6910
6908
6901
6897
6894
6889
6889
6887
6886
6885
6878
6875
6873
6872
6869
6867
6863
6860
6855
6854
6853
6848
6842
6841
6838
6829
6828
6827
6826
6825
6820
6813
6809
6807
6796
6794
6790
6789
6789
6788
6778
6775
6773
6773
6765
6765
6760
6757
6751
6748
6746
6744
6737
6737
6736
6729
6728
6727
6725
6723
6720
6718
6715
6715
6711
6709
6708
6708
6705
6702
6692
6692
6691
6689
6686
6680
6676
6676
6674
6671
6658
6657
6656
6641
6637
6635
6624
6622
6622
6614
6611
6610
6605
6599
6597
6592
6587
6579
6575
6566
6565
6563
6562
6555
6552
6552
6546
6545
6541
6537
6533
6530
6523
6518
6513
6511
6507
6500
6499
6497
6497
6495
6488
6488
6484
6473
6472
6468
6465
6462
6461
6458
6451
6447
6444
6439
6438
6434
6432
6430
6430
6426
6426
6426
6421
6421
6418
6414
6407
6403
6401
6398
6389
6387
6385
6383
6381
6379
6379
6378
6377
6377
6374
6372
6368
6367
6362
6361
6358
6357
6357
6355
6352
6344
6343
6342
6339
6335
6334
6331
6331
6330
6325
6315
6311
6310
6302
6300
6298
6294
6292
6289
6281
6277
6275
6271
6270
6270
6265
6262
6246
6244
6243
6243
6236
6235
6233
6231
6231
6229
6224
6215
6213
6212
6205
6205
6204
6196
6191
6188
6184
6174
6172
6172
6165
6165
6164
6162
6161
6146
6142
6135
6131
6130
6126
6126
6125
6121
6116
6113
6112
6103
6102
6100
6091
6089
6087
6082
6080
6076
6067
6067
6065
6064
6056
6055
6052
6050
6050
6048
6045
6042
6036
6032
6030
6028
6025
6024
6015
6011
6009
6005
6005
6002
5990
5987
5986
5980
5973
5969
5966
5964
5955
5953
5952
5949
5938
5936
5931
5928
5926
5919
5916
5915
5914
5899
5896
5895
5891
5891
5890
5886
5883
5881
5878
5877
5873
5870
5867
5862
5855
5855
5854
5850
5848
5837
5836
5832
5831
5831
5831
5824
5824
5821
5819
5815
5813
5811
5802
5802
5797
5792
5785
5783
5783
5783
5772
5772
5757
5751
5748
5746
5736
5733
5725
5725
5723
5718
5715
5713
5699
5696
5695
5691
5689
5687
5683
5677
5677
5674
5673
5668
5666
5664
5662
5660
5658
5655
5649
5647
5645
5642
5641
5639
5636
5623
5615
5611
5608
5607
5607
5605
5601
5597
5597
5596
5594
5591
5587
5584
5580
5580
5570
5561
5558
5555
5552
5551
5545
5537
5536
5535
5534
5534
5527
5522
5521
5510
5510
5505
5505
5495
5487
5485
5480
5475
5475
5475
5474
5472
5470
5469
5462
5454
5448
5448
5446
5443
5443
5440
5439
5430
5430
5429
5429
5423
5421
5413
5408
5396
5396
5387
5385
5383
5380
5379
5373
5372
5364
5362
5356
5354
5350
5349
5343
5342
5339
5337
5332
5331
5324
5315
5315
5309
5308
5306
5301
5293
5287
5279
5264
5260
5258
5240
5239
5239
5236
5229
5229
5228
5220
5219
5215
5210
5209
5208
5208
5203
5203
5192
5192
5190
5186
5174
5169
5166
5165
5159
5157
5154
5152
5149
5141
5140
5140
5139
5138
5128
5127
5126
5125
5123
5115
5111
5110
5106
5104
5101
5098
5095
5093
5090
5090
5082
5081
5081
5078
5077
5076
5073
5069
5068
5067
5066
5057
5055
5051
5047
5046
5044
5042
5041
5030
5027
5022
5017
5013
5010
5010
5006
5003
5003
4994
4984
4968
4966
4958
4958
4953
4950
4948
4931
4930
4929
4924
4923
4919
4914
4912
4909
4906
4903
4899
4897
4895
4893
4893
4884
4883
4878
4876
4872
4867
4865
4857
4855
4847
4847
4844
4842
4840
4840
4838
4837
4834
4831
4830
4827
4821
4819
4811
4809
4793
4791
4789
4784
4776
4772
4769
4768
4756
4751
4749
4748
4734
4729
4713
4712
4711
4709
4706
4704
4702
4700
4698
4697
4691
4691
4691
4687
4682
4680
4676
4673
4672
4670
4663
4662
4660
4657
4657
4654
4642
4636
4636
4633
4630
4628
4624
4615
4614
4610
4609
4606
4602
4602
4599
4597
4594
4591
4587
4583
4583
4583
4573
4565
4560
4560
4560
4556
4550
4547
4546
4545
4525
4524
4521
4519
4514
4512
4510
4507
4505
4500
4496
4494
4490
4486
4478
4474
4472
4470
4464
4457
4448
4447
4447
4446
4444
4443
4443
4443
4442
4442
4441
4439
4439
4432
4432
4424
4422
4419
4416
4412
4408
4408
4407
4407
4406
4405
4403
4402
4395
4379
4378
4376
4373
4365
4365
4365
4365
4360
4357
4351
4350
4346
4346
4344
4341
4337
4336
4333
4331
4330
4325
4319
4316
4316
4314
4314
4307
4305
4298
4295
4288
4283
4282
4268
4263
4263
4261
4257
4257
4253
4247
4240
4229
4226
4225
4224
4222
4221
4218
4214
4213
4213
4206
4206
4199
4178
4171
4170
4169
4169
4165
4162
4160
4159
4155
4147
4145
4140
4136
4132
4130
4128
4126
4125
4124
4118
4117
4111
4105
4100
4096
4095
4092
4091
4091
4086
4079
4076
4076
4074
4073
4067
4064
4063
4063
4063
4056
4049
4047
4045
4044
4041
4037
4034
4032
4030
4029
4029
4029
4021
4007
4004
4003
4001
3989
3987
3976
3973
3963
3959
3959
3958
3956
3952
3952
3949
3947
3941
3940
3934
3926
3924
3920
3916
3915
3913
3912
3908
3908
3905
3900
3899
3895
3892
3890
3890
3885
3878
3871
3866
3864
3856
3851
3848
3846
3841
3836
3832
3831
3830
3828
3827
3822
3817
3807
3807
3805
3803
3801
3799
3794
3791
3791
3786
3786
3786
3782
3777
3763
3759
3759
3759
3751
3750
3746
3744
3740
3739
3738
3737
3736
3734
3728
3721
3720
3714
3707
3705
3704
3703
3703
3703
3702
3696
3694
3691
3686
3684
3681
3680
3678
3677
3674
3667
3666
3665
3662
3659
3651
3648
3645
3642
3639
3637
3632
3627
3627
3623
3622
3621
3620
3608
3606
3605
3598
3597
3594
3594
3593
3593
3587
3583
3582
3581
3571
3569
3567
3567
3566
3560
3560
3558
3557
3557
3547
3542
3540
3538
3532
3532
3531
3518
3515
3513
3513
3509
3507
3505
3502
3502
3502
3500
3499
3499
3499
3493
3491
3487
3482
3478
3477
3471
3468
3468
3468
3462
3459
3456
3455
3453
3451
3450
3450
3446
3441
3441
3436
3427
3425
3424
3424
3417
3417
3415
3415
3410
3410
3410
3409
3408
3403
3401
3401
3399
3381
3380
3378
3377
3374
3372
3363
3363
3360
3356
3356
3355
3355
3353
3353
3350
3350
3346
3343
3342
3341
3338
3335
3330
3330
3328
3323
3320
3318
3316
3313
3305
3304
3297
3283
3278
3266
3266
3264
3253
3249
3241
3241
3241
3237
3223
3222
3221
3220
3212
3210
3210
3199
3197
3197
3193
3192
3191
3190
3185
3184
3184
3175
3171
3166
3166
3158
3157
3155
3151
3141
3133
3132
3123
3114
3107
3106
3105
3105
3101
3089
3085
3078
3077
3076
3074
3066
3064
3061
3060
3054
3052
3052
3052
3050
3050
3049
3049
3046
3044
3043
3041
3036
3032
3016
3014
3008
3006
3005
3004
3003
3003
2996
2993
2993
2988
2980
2975
2973
2963
2956
2953
2950
2949
2942
2940
2938
2932
2922
2919
2908
2907
2904
2886
2882
2881
2877
2876
2875
2863
2857
2850
2848
2840
2832
2831
2820
2818
2816
2814
2812
2812
2809
2808
2807
2804
2796
2790
2780
2776
2776
2767
2767
2760
2759
2752
2750
2734
2730
2730
2723
2715
2709
2707
2707
2701
2699
2699
2697
2697
2697
2683
2682
2679
2678
2677
2674
2674
2672
2672
2662
2660
2658
2653
2652
2651
2650
2648
2648
2646
2633
2632
2631
2621
2619
2618
2612
2611
2611
2610
2607
2601
2601
2596
2594
2576
2573
2572
2557
2553
2547
2546
2545
2541
2538
2537
2535
2535
2534
2530
2529
2526
2523
2519
2519
2517
2516
2513
2510
2510
2508
2506
2504
2498
2497
2492
2486
2486
2485
2484
2483
2483
2478
2477
2476
2464
2457
2454
2451
2449
2449
2448
2441
2441
2432
2419
2418
2413
2405
2398
2397
2391
2380
2379
2377
2377
2374
2373
2371
2363
2362
2358
2356
2355
2350
2349
2344
2344
2342
2326
2324
2323
2314
2310
2309
2307
2306
2304
2304
2299
2297
2296
2293
2288
2286
2286
2285
2282
2282
2272
2272
2261
2258
2257
2255
2249
2248
2244
2243
2242
2241
2236
2233
2227
2226
2216
2213
2212
2211
2208
2203
2202
2202
2201
2201
2197
2195
2192
2183
2181
2180
2180
2174
2173
2172
2171
2171
2171
2167
2163
2160
2157
2148
2142
2136
2135
2130
2130
2128
2126
2122
2121
2121
2113
2111
2107
2106
2104
2101
2100
2099
2090
2087
2084
2081
2080
2080
2078
2071
2069
2065
2065
2061
2060
2057
2055
2054
2048
2043
2042
2032
2031
2019
2015
2015
2013
2012
2011
2005
2003
1999
1997
1997
1995
1994
1992
1986
1984
1981
1977
1973
1972
1969
1966
1958
1955
1945
1943
1941
1941
1939
1930
1925
1924
1919
1915
1910
1907
1904
1903
1902
1901
1900
1896
1890
1886
1885
1878
1877
1877
1875
1874
1868
1867
1866
1864
1863
1857
1851
1850
1849
1846
1845
1842
1842
1841
1841
1838
1837
1828
1826
1823
1823
1822
1821
1814
1811
1811
1810
1810
1809
1809
1808
1807
1806
1801
1798
1789
1782
1782
1780
1776
1776
1776
1775
1774
1766
1763
1762
1761
1750
1747
1746
1738
1736
1734
1732
1732
1723
1723
1721
1721
1717
1710
1707
1706
1701
1699
1695
1688
1688
1674
1673
1668
1665
1662
1661
1660
1649
1642
1640
1640
1632
1630
1615
1615
1607
1605
1599
1596
1594
1585
1584
1583
1574
1572
1568
1563
1558
1553
1552
1550
1547
1540
1532
1532
1531
1528
1528
1527
1520
1519
1519
1516
1512
1511
1502
1501
1495
1489
1488
1487
1482
1482
1479
1474
1465
1464
1463
1457
1456
1455
1454
1451
1450
1449
1448
1438
1438
1433
1427
1425
1411
1404
1404
1404
1399
1396
1392
1392
1386
1375
1375
1371
1369
1365
1362
1361
1356
1346
1345
1341
1340
1339
1334
1330
1330
1329
1321
1321
1319
1316
1313
1312
1310
1302
1301
1299
1297
1295
1289
1289
1288
1287
1285
1281
1275
1266
1266
1257
1251
1246
1246
1242
1242
1238
1235
1235
1235
1230
1229
1228
1220
1219
1213
1203
1201
1199
1195
1194
1193
1185
1178
1173
1170
1165
1161
1156
1156
1151
1150
1141
1139
1137
1134
1126
1125
1120
1117
1116
1113
1113
1113
1105
1102
1099
1099
1098
1094
1092
1091
1088
1085
1074
1069
1063
1061
1058
1053
1052
1040
1039
1038
1035
1033
1033
1029
1028
1022
1022
1021
1021
1014
1012
1007
1002
1002
998
997
991
989
984
981
979
971
971
969
966
963
962
958
951
948
942
941
940
935
933
932
932
921
920
914
912
911
909
903
903
897
896
892
887
887
884
883
873
869
867
862
861
860
859
854
851
845
845
842
841
834
833
832
827
823
820
820
817
814
813
811
803
798
796
790
788
785
784
779
778
776
776
771
769
767
766
764
763
762
759
756
753
749
744
744
740
734
730
728
727
723
722
720
719
712
711
711
711
707
696
695
695
694
692
681
677
675
670
668
664
664
649
649
647
637
636
632
623
620
616
614
614
610
610
608
607
603
596
586
584
584
583
578
572
571
570
570
568
567
566
565
564
554
552
549
549
547
543
539
533
533
529
528
528
523
523
514
514
510
504
498
493
482
482
477
475
473
471
471
470
466
464
463
462
461
460
459
456
455
448
444
436
432
424
416
413
413
409
408
407
402
399
396
394
394
388
387
386
385
376
373
372
369
369
366
366
364
363
362
362
360
358
355
355
354
354
341
340
338
333
329
328
327
326
319
312
310
309
309
307
306
305
304
303
301
297
295
295
293
292
285
281
280
278
277
276
268
266
262
258
249
245
245
239
239
235
234
232
232
228
220
218
218
214
214
210
200
189
184
179
175
175
174
166
164
159
153
150
147
144
134
132
126
118
116
116
111
111
109
107
107
94
92
89
87
85
84
83
82
79
76
75
75
71
68
59
58
56
55
54
48
45
40
39
34
33
30
29
26
25
22
21
20
20
18
14
13
11
5
5
3
