3
5
5
11
13
14
18
20
20
21
22
25
26
29
30
33
34
39
40
45
48
54
55
56
58
59
68
71
75
75
76
79
82
83
84
85
87
89
92
94
107
107
109
111
111
116
116
118
126
132
134
144
147
150
153
159
164
166
174
175
175
179
184
189
200
210
214
214
218
218
220
228
232
232
234
235
239
239
245
245
249
258
262
266
268
276
277
278
280
281
285
292
293
295
295
297
301
303
304
305
306
307
309
309
310
312
319
326
327
328
329
333
338
340
341
354
354
355
355
358
360
362
362
363
364
366
366
369
369
372
373
376
385
386
387
388
394
394
396
399
402
407
408
409
413
413
416
424
432
436
444
448
455
456
459
460
461
462
463
464
466
470
471
471
473
475
477
482
482
493
498
504
510
514
514
523
523
528
528
529
533
533
539
543
547
549
549
552
554
564
565
566
567
568
570
570
571
572
578
583
584
584
586
596
603
607
608
610
610
614
614
616
620
623
632
636
637
647
649
649
664
664
668
670
675
677
681
692
694
695
695
696
707
711
711
711
712
719
720
722
723
727
728
730
734
740
744
744
749
753
756
759
762
763
764
766
767
769
771
776
776
778
779
784
785
788
790
796
798
803
811
813
814
817
820
820
823
827
832
833
834
841
842
845
845
851
854
859
860
861
862
867
869
873
883
884
887
887
892
896
897
903
903
909
911
912
914
920
921
932
932
933
935
940
941
942
948
951
958
962
963
966
969
971
971
979
981
984
989
991
997
998
1002
1002
1007
1012
1014
1021
1021
1022
1022
1028
1029
1033
1033
1035
1038
1039
1040
1052
1053
1058
1061
1063
1069
1074
1085
1088
1091
1092
1094
1098
1099
1099
1102
1105
1113
1113
1113
1116
1117
1120
1125
1126
1134
1137
1139
1141
1150
1151
1156
1156
1161
1165
1170
1173
1178
1185
1193
1194
1195
1199
1201
1203
1213
1219
1220
1228
1229
1230
1235
1235
1235
1238
1242
1242
1246
1246
1251
1257
1266
1266
1275
1281
1285
1287
1288
1289
1289
1295
1297
1299
1301
1302
1310
1312
1313
1316
1319
1321
1321
1329
1330
1330
1334
1339
1340
1341
1345
1346
1356
1361
1362
1365
1369
1371
1375
1375
1386
1392
1392
1396
1399
1404
1404
1404
1411
1425
1427
1433
1438
1438
1448
1449
1450
1451
1454
1455
1456
1457
1463
1464
1465
1474
1479
1482
1482
1487
1488
1489
1495
1501
1502
1511
1512
1516
1519
1519
1520
1527
1528
1528
1531
1532
1532
1540
1547
1550
1552
1553
1558
1563
1568
1572
1574
1583
1584
1585
1594
1596
1599
1605
1607
1615
1615
1630
1632
1640
1640
1642
1649
1660
1661
1662
1665
1668
1673
1674
1688
1688
1695
1699
1701
1706
1707
1710
1717
1721
1721
1723
1723
1732
1732
1734
1736
1738
1746
1747
1750
1761
1762
1763
1766
1774
1775
1776
1776
1776
1780
1782
1782
1789
1798
1801
1806
1807
1808
1809
1809
1810
1810
1811
1811
1814
1821
1822
1823
1823
1826
1828
1837
1838
1841
1841
1842
1842
1845
1846
1849
1850
1851
1857
1863
1864
1866
1867
1868
1874
1875
1877
1877
1878
1885
1886
1890
1896
1900
1901
1902
1903
1904
1907
1910
1915
1919
1924
1925
1930
1939
1941
1941
1943
1945
1955
1958
1966
1969
1972
1973
1977
1981
1984
1986
1992
1994
1995
1997
1997
1999
2003
2005
2011
2012
2013
2015
2015
2019
2031
2032
2042
2043
2048
2054
2055
2057
2060
2061
2065
2065
2069
2071
2078
2080
2080
2081
2084
2087
2090
2099
2100
2101
2104
2106
2107
2111
2113
2121
2121
2122
2126
2128
2130
2130
2135
2136
2142
2148
2157
2160
2163
2167
2171
2171
2171
2172
2173
2174
2180
2180
2181
2183
2192
2195
2197
2201
2201
2202
2202
2203
2208
2211
2212
2213
2216
2226
2227
2233
2236
2241
2242
2243
2244
2248
2249
2255
2257
2258
2261
2272
2272
2282
2282
2285
2286
2286
2288
2293
2296
2297
2299
2304
2304
2306
2307
2309
2310
2314
2323
2324
2326
2342
2344
2344
2349
2350
2355
2356
2358
2362
2363
2371
2373
2374
2377
2377
2379
2380
2391
2397
2398
2405
2413
2418
2419
2432
2441
2441
2448
2449
2449
2451
2454
2457
2464
2476
2477
2478
2483
2483
2484
2485
2486
2486
2492
2497
2498
2504
2506
2508
2510
2510
2513
2516
2517
2519
2519
2523
2526
2529
2530
2534
2535
2535
2537
2538
2541
2545
2546
2547
2553
2557
2572
2573
2576
2594
2596
2601
2601
2607
2610
2611
2611
2612
2618
2619
2621
2631
2632
2633
2646
2648
2648
2650
2651
2652
2653
2658
2660
2662
2672
2672
2674
2674
2677
2678
2679
2682
2683
2697
2697
2697
2699
2699
2701
2707
2707
2709
2715
2723
2730
2730
2734
2750
2752
2759
2760
2767
2767
2776
2776
2780
2790
2796
2804
2807
2808
2809
2812
2812
2814
2816
2818
2820
2831
2832
2840
2848
2850
2857
2863
2875
2876
2877
2881
2882
2886
2904
2907
2908
2919
2922
2932
2938
2940
2942
2949
2950
2953
2956
2963
2973
2975
2980
2988
2993
2993
2996
3003
3003
3004
3005
3006
3008
3014
3016
3032
3036
3041
3043
3044
3046
3049
3049
3050
3050
3052
3052
3052
3054
3060
3061
3064
3066
3074
3076
3077
3078
3085
3089
3101
3105
3105
3106
3107
3114
3123
3132
3133
3141
3151
3155
3157
3158
3166
3166
3171
3175
3184
3184
3185
3190
3191
3192
3193
3197
3197
3199
3210
3210
3212
3220
3221
3222
3223
3237
3241
3241
3241
3249
3253
3264
3266
3266
3278
3283
3297
3304
3305
3313
3316
3318
3320
3323
3328
3330
3330
3335
3338
3341
3342
3343
3346
3350
3350
3353
3353
3355
3355
3356
3356
3360
3363
3363
3372
3374
3377
3378
3380
3381
3399
3401
3401
3403
3408
3409
3410
3410
3410
3415
3415
3417
3417
3424
3424
3425
3427
3436
3441
3441
3446
3450
3450
3451
3453
3455
3456
3459
3462
3468
3468
3468
3471
3477
3478
3482
3487
3491
3493
3499
3499
3499
3500
3502
3502
3502
3505
3507
3509
3513
3513
3515
3518
3531
3532
3532
3538
3540
3542
3547
3557
3557
3558
3560
3560
3566
3567
3567
3569
3571
3581
3582
3583
3587
3593
3593
3594
3594
3597
3598
3605
3606
3608
3620
3621
3622
3623
3627
3627
3632
3637
3639
3642
3645
3648
3651
3659
3662
3665
3666
3667
3674
3677
3678
3680
3681
3684
3686
3691
3694
3696
3702
3703
3703
3703
3704
3705
3707
3714
3720
3721
3728
3734
3736
3737
3738
3739
3740
3744
3746
3750
3751
3759
3759
3759
3763
3777
3782
3786
3786
3786
3791
3791
3794
3799
3801
3803
3805
3807
3807
3817
3822
3827
3828
3830
3831
3832
3836
3841
3846
3848
3851
3856
3864
3866
3871
3878
3885
3890
3890
3892
3895
3899
3900
3905
3908
3908
3912
3913
3915
3916
3920
3924
3926
3934
3940
3941
3947
3949
3952
3952
3956
3958
3959
3959
3963
3973
3976
3987
3989
4001
4003
4004
4007
4021
4029
4029
4029
4030
4032
4034
4037
4041
4044
4045
4047
4049
4056
4063
4063
4063
4064
4067
4073
4074
4076
4076
4079
4086
4091
4091
4092
4095
4096
4100
4105
4111
4117
4118
4124
4125
4126
4128
4130
4132
4136
4140
4145
4147
4155
4159
4160
4162
4165
4169
4169
4170
4171
4178
4199
4206
4206
4213
4213
4214
4218
4221
4222
4224
4225
4226
4229
4240
4247
4253
4257
4257
4261
4263
4263
4268
4282
4283
4288
4295
4298
4305
4307
4314
4314
4316
4316
4319
4325
4330
4331
4333
4336
4337
4341
4344
4346
4346
4350
4351
4357
4360
4365
4365
4365
4365
4373
4376
4378
4379
4395
4402
4403
4405
4406
4407
4407
4408
4408
4412
4416
4419
4422
4424
4432
4432
4439
4439
4441
4442
4442
4443
4443
4443
4444
4446
4447
4447
4448
4457
4464
4470
4472
4474
4478
4486
4490
4494
4496
4500
4505
4507
4510
4512
4514
4519
4521
4524
4525
4545
4546
4547
4550
4556
4560
4560
4560
4565
4573
4583
4583
4583
4587
4591
4594
4597
4599
4602
4602
4606
4609
4610
4614
4615
4624
4628
4630
4633
4636
4636
4642
4654
4657
4657
4660
4662
4663
4670
4672
4673
4676
4680
4682
4687
4691
4691
4691
4697
4698
4700
4702
4704
4706
4709
4711
4712
4713
4729
4734
4748
4749
4751
4756
4768
4769
4772
4776
4784
4789
4791
4793
4809
4811
4819
4821
4827
4830
4831
4834
4837
4838
4840
4840
4842
4844
4847
4847
4855
4857
4865
4867
4872
4876
4878
4883
4884
4893
4893
4895
4897
4899
4903
4906
4909
4912
4914
4919
4923
4924
4929
4930
4931
4948
4950
4953
4958
4958
4966
4968
4984
4994
5003
5003
5006
5010
5010
5013
5017
5022
5027
5030
5041
5042
5044
5046
5047
5051
5055
5057
5066
5067
5068
5069
5073
5076
5077
5078
5081
5081
5082
5090
5090
5093
5095
5098
5101
5104
5106
5110
5111
5115
5123
5125
5126
5127
5128
5138
5139
5140
5140
5141
5149
5152
5154
5157
5159
5165
5166
5169
5174
5186
5190
5192
5192
5203
5203
5208
5208
5209
5210
5215
5219
5220
5228
5229
5229
5236
5239
5239
5240
5258
5260
5264
5279
5287
5293
5301
5306
5308
5309
5315
5315
5324
5331
5332
5337
5339
5342
5343
5349
5350
5354
5356
5362
5364
5372
5373
5379
5380
5383
5385
5387
5396
5396
5408
5413
5421
5423
5429
5429
5430
5430
5439
5440
5443
5443
5446
5448
5448
5454
5462
5469
5470
5472
5474
5475
5475
5475
5480
5485
5487
5495
5505
5505
5510
5510
5521
5522
5527
5534
5534
5535
5536
5537
5545
5551
5552
5555
5558
5561
5570
5580
5580
5584
5587
5591
5594
5596
5597
5597
5601
5605
5607
5607
5608
5611
5615
5623
5636
5639
5641
5642
5645
5647
5649
5655
5658
5660
5662
5664
5666
5668
5673
5674
5677
5677
5683
5687
5689
5691
5695
5696
5699
5713
5715
5718
5723
5725
5725
5733
5736
5746
5748
5751
5757
5772
5772
5783
5783
5783
5785
5792
5797
5802
5802
5811
5813
5815
5819
5821
5824
5824
5831
5831
5831
5832
5836
5837
5848
5850
5854
5855
5855
5862
5867
5870
5873
5877
5878
5881
5883
5886
5890
5891
5891
5895
5896
5899
5914
5915
5916
5919
5926
5928
5931
5936
5938
5949
5952
5953
5955
5964
5966
5969
5973
5980
5986
5987
5990
6002
6005
6005
6009
6011
6015
6024
6025
6028
6030
6032
6036
6042
6045
6048
6050
6050
6052
6055
6056
6064
6065
6067
6067
6076
6080
6082
6087
6089
6091
6100
6102
6103
6112
6113
6116
6121
6125
6126
6126
6130
6131
6135
6142
6146
6161
6162
6164
6165
6165
6172
6172
6174
6184
6188
6191
6196
6204
6205
6205
6212
6213
6215
6224
6229
6231
6231
6233
6235
6236
6243
6243
6244
6246
6262
6265
6270
6270
6271
6275
6277
6281
6289
6292
6294
6298
6300
6302
6310
6311
6315
6325
6330
6331
6331
6334
6335
6339
6342
6343
6344
6352
6355
6357
6357
6358
6361
6362
6367
6368
6372
6374
6377
6377
6378
6379
6379
6381
6383
6385
6387
6389
6398
6401
6403
6407
6414
6418
6421
6421
6426
6426
6426
6430
6430
6432
6434
6438
6439
6444
6447
6451
6458
6461
6462
6465
6468
6472
6473
6484
6488
6488
6495
6497
6497
6499
6500
6507
6511
6513
6518
6523
6530
6533
6537
6541
6545
6546
6552
6552
6555
6562
6563
6565
6566
6575
6579
6587
6592
6597
6599
6605
6610
6611
6614
6622
6622
6624
6635
6637
6641
6656
6657
6658
6671
6674
6676
6676
6680
6686
6689
6691
6692
6692
6702
6705
6708
6708
6709
6711
6715
6715
6718
6720
6723
6725
6727
6728
6729
6736
6737
6737
6744
6746
6748
6751
6757
6760
6765
6765
6773
6773
6775
6778
6788
6789
6789
6790
6794
6796
6807
6809
6813
6820
6825
6826
6827
6828
6829
6838
6841
6842
6848
6853
6854
6855
6860
6863
6867
6869
6872
6873
6875
6878
6885
6886
6887
6889
6889
6894
6897
6901
6908
6910
6913
6921
6922
6930
6931
6933
6934
6936
6937
6938
6939
6940
6941
6942
6948
6952
6953
6954
6958
6958
6959
6967
6974
6983
6984
6985
6985
6987
6994
6997
6997
6999
6999
7011
7017
7017
7021
7021
7023
7024
7033
7035
7049
7050
7051
7051
7051
7054
7055
7059
7063
7065
7066
7071
7084
7085
7090
7090
7091
7092
7093
7101
7107
7107
7109
7110
7111
7117
7122
7135
7147
7147
7148
7149
7151
7152
7160
7169
7172
7176
7179
7180
7181
7194
7195
7197
7197
7200
7202
7209
7217
7217
7221
7223
7226
7239
7241
7243
7244
7246
7246
7249
7252
7254
7257
7259
7267
7268
7270
7271
7271
7272
7276
7279
7288
7288
7294
7295
7297
7298
7298
7299
7308
7311
7312
7314
7319
7323
7335
7338
7341
7342
7343
7347
7349
7349
7350
7350
7354
7371
7375
7376
7380
7385
7386
7390
7390
7394
7396
7398
7401
7403
7405
7413
7415
7415
7423
7423
7426
7429
7429
7433
7435
7439
7446
7459
7462
7474
7475
7480
7483
7488
7489
7491
7494
7495
7500
7506
7523
7527
7528
7536
7536
7537
7540
7543
7546
7549
7557
7561
7562
7564
7566
7571
7575
7576
7580
7580
7589
7596
7596
7597
7601
7601
7605
7606
7614
7615
7617
7631
7634
7635
7636
7639
7640
7641
7642
7649
7662
7663
7664
7668
7670
7671
7674
7687
7688
7691
7692
7693
7693
7697
7700
7705
7705
7707
7713
7719
7729
7740
7742
7746
7748
7749
7751
7753
7764
7775
7776
7789
7790
7790
7791
7791
7795
7802
7803
7804
7807
7810
7810
7811
7816
7821
7822
7827
7834
7835
7840
7843
7846
7846
7847
7847
7848
7848
7850
7850
7855
7856
7859
7861
7863
7865
7871
7874
7876
7878
7879
7881
7884
7885
7885
7887
7894
7898
7904
7905
7906
7909
7914
7919
7922
7925
7927
7931
7932
7933
7935
7937
7937
7939
7943
7945
7951
7952
7956
7958
7958
7963
7972
7974
7975
7978
7981
7983
7993
7999
8008
8015
8016
8020
8022
8028
8033
8035
8039
8043
8043
8046
8050
8050
8051
8056
8057
8063
8063
8068
8069
8073
8081
8085
8087
8088
8089
8090
8092
8094
8100
8106
8108
8109
8109
8112
8113
8117
8126
8127
8129
8142
8144
8147
8154
8157
8161
8168
8168
8169
8170
8173
8176
8177
8177
8180
8182
8183
8186
8188
8192
8193
8194
8197
8197
8198
8198
8198
8201
8201
8208
8213
8214
8236
8246
8247
8259
8261
8262
8263
8266
8271
8272
8275
8279
8281
8282
8283
8286
8289
8291
8294
8296
8297
8300
8305
8308
8313
8315
8316
8317
8318
8320
8321
8322
8325
8325
8331
8334
8334
8335
8344
8346
8347
8349
8350
8363
8365
8369
8371
8374
8375
8376
8380
8384
8384
8385
8390
8395
8395
8398
8401
8404
8407
8408
8412
8417
8418
8418
8420
8428
8428
8429
8433
8438
8442
8444
8450
8453
8457
8459
8460
8460
8462
8465
8472
8475
8482
8487
8498
8501
8504
8511
8512
8515
8521
8522
8524
8525
8527
8535
8535
8536
8537
8539
8542
8547
8551
8553
8556
8558
8562
8565
8569
8588
8593
8594
8595
8599
8602
8602
8607
8611
8614
8618
8619
8623
8626
8626
8628
8636
8637
8639
8639
8642
8644
8647
8650
8651
8652
8654
8656
8658
8660
8660
8663
8666
8668
8680
8681
8682
8684
8684
8684
8689
8689
8690
8694
8698
8699
8704
8708
8710
8710
8716
8720
8723
8725
8729
8729
8741
8743
8748
8754
8756
8757
8760
8761
8762
8765
8765
8766
8771
8773
8776
8777
8777
8783
8784
8789
8792
8793
8794
8799
8801
8804
8806
8811
8815
8815
8815
8820
8821
8822
8827
8831
8833
8835
8839
8839
8842
8849
8849
8850
8854
8855
8856
8857
8865
8867
8867
8870
8875
8876
8878
8883
8884
8886
8902
8905
8907
8910
8914
8923
8927
8928
8932
8932
8933
8941
8943
8944
8955
8955
8957
8960
8965
8970
8978
8979
8981
8984
8984
8986
8988
8990
8999
9000
9002
9002
9002
9003
9003
9004
9006
9009
9011
9012
9012
9014
9023
9026
9027
9029
9029
9039
9042
9045
9049
9061
9063
9063
9070
9072
9073
9073
9077
9079
9086
9087
9089
9090
9095
9097
9099
9100
9106
9115
9116
9127
9134
9136
9138
9142
9145
9145
9160
9161
9163
9171
9172
9173
9177
9181
9196
9199
9210
9211
9217
9223
9231
9234
9235
9237
9237
9238
9239
9250
9251
9252
9253
9253
9256
9263
9267
9268
9268
9276
9276
9276
9279
9280
9286
9289
9290
9291
9295
9295
9296
9300
9302
9305
9305
9316
9319
9327
9332
9332
9333
9333
9337
9338
9346
9346
9347
9349
9353
9354
9358
9360
9360
9365
9374
9375
9377
9381
9381
9386
9386
9388
9388
9392
9393
9399
9400
9400
9406
9410
9410
9411
9412
9418
9423
9426
9427
9430
9435
9446
9451
9456
9457
9464
9467
9468
9477
9482
9485
9488
9492
9493
9494
9495
9500
9504
9510
9518
9520
9528
9531
9532
9532
9538
9543
9546
9547
9554
9555
9563
9567
9575
9576
9577
9579
9582
9583
9590
9591
9599
9599
9603
9609
9613
9613
9630
9631
9633
9633
9634
9636
9640
9652
9653
9654
9656
9667
9669
9670
9678
9679
9679
9681
9689
9692
9692
9699
9704
9709
9712
9718
9719
9723
9723
9725
9727
9729
9734
9734
9738
9742
9742
9742
9744
9744
9749
9752
9757
9760
9762
9763
9765
9773
9775
9776
9780
9781
9782
9784
9791
9792
9799
9800
9800
9802
9802
9803
9804
9810
9819
9825
9828
9840
9840
9842
9843
9850
9851
9852
9853
9856
9859
9864
9865
9867
9869
9875
9881
9887
9890
9891
9896
9899
9899
9901
9903
9908
9909
9919
9919
9920
9921
9923
9929
9932
9937
9938
9944
9945
9947
9949
9952
9952
9953
9954
9958
9963
9964
9971
9971
9972
9980
9981
9984
9987
9988
9994
10004
10007
10008
10009
10011
10013
10013
10015
10017
10020
10020
10023
10030
10035
10036
10043
10054
10055
10058
10062
10063
10065
10066
10068
10074
10075
10078
10078
10080
10086
10088
10089
10094
10095
10103
10107
10109
10115
10117
10117
10121
10122
10124
10132
10135
10138
10141
10146
10148
10148
10150
10158
10158
10160
10163
10166
10166
10166
10170
10173
10173
10175
10180
10182
10182
10188
10196
10197
10200
10209
10211
10214
10214
10217
10217
10219
10225
10227
10227
10230
10232
10242
10244
10245
10246
10246
10248
10249
10251
10252
10255
10257
10259
10268
10269
10273
10275
10280
10282
10284
10286
10293
10294
10302
10303
10307
10308
10309
10309
10312
10315
10317
10321
10326
10326
10327
10328
10331
10331
10334
10336
10337
10344
10348
10350
10353
10354
10356
10367
10369
10370
10371
10378
10379
10379
10380
10380
10385
10386
10387
10387
10390
10398
10399
10404
10409
10410
10419
10420
10422
10422
10426
10428
10431
10433
10435
10436
10436
10440
10452
10453
10453
10458
10460
10463
10464
10465
10465
10465
10468
10472
10472
10474
10483
10484
10486
10488
10493
10494
10500
10500
10500
10507
10513
10518
10520
10521
10529
10534
10534
10537
10539
10542
10544
10547
10548
10548
10553
10553
10554
10559
10559
10560
10563
10572
10573
10581
10583
10583
10589
10597
10605
10606
10607
10607
10608
10608
10608
10609
10611
10613
10614
10615
10618
10619
10620
10620
10621
10631
10634
10644
10648
10648
10653
10657
10662
10668
10671
10676
10678
10681
10681
10682
10693
10693
10701
10702
10705
10709
10715
10716
10722
10727
10728
10732
10739
10740
10740
10746
10747
10761
10764
10765
10768
10776
10776
10780
10792
10795
10796
10802
10807
10809
10811
10814
10816
10817
10822
10823
10826
10833
10834
10838
10840
10840
10844
10861
10863
10865
10867
10868
10870
10874
10876
10878
10879
10880
10881
10881
10882
10889
10892
10900
10901
10903
10908
10908
10909
10910
10911
10912
10912
10920
10926
10931
10934
10938
10938
10941
10954
10955
10955
10956
10960
10961
10961
10962
10967
10968
10968
10968
10974
10978
10979
10979
10980
10982
10983
10995
10999
10999
11005
11009
11011
11012
11014
11017
11019
11020
11023
11024
11028
11028
11030
11033
11035
11037
11051
11056
11058
11059
11067
11067
11073
11079
11084
11084
11090
11094
11095
11096
11110
11116
11123
11126
11128
11134
11138
11142
11145
11149
11152
11154
11157
11163
11164
11169
11180
11181
11183
11187
11190
11191
11207
11209
11214
11216
11227
11233
11237
11241
11243
11244
11251
11254
11256
11256
11258
11262
11265
11265
11267
11274
11274
11275
11289
11290
11295
11298
11301
11301
11304
11307
11308
11308
11316
11317
11327
11329
11331
11352
11359
11360
11362
11367
11371
11381
11388
11390
11390
11396
11397
11398
11398
11405
11407
11407
11413
11414
11416
11417
11423
11423
11426
11427
11429
11435
11437
11442
11442
11445
11450
11451
11451
11454
11455
11458
11460
11460
11461
11461
11464
11466
11470
11474
11474
11478
11485
11494
11503
11506
11515
11519
11521
11527
11528
11529
11531
11536
11537
11541
11542
11545
11559
11560
11563
11566
11567
11569
11571
11574
11581
11581
11584
11586
11589
11592
11594
11595
11600
11609
11610
11613
11614
11618
11622
11622
11624
11627
11627
11628
11633
11640
11641
11647
11649
11659
11659
11661
11663
11669
11669
11670
11673
11673
11675
11675
11682
11683
11688
11690
11694
11695
11696
11700
11701
11705
11706
11708
11712
11716
11726
11732
11732
11735
11737
11739
11745
11747
11752
11753
11755
11757
11759
11762
11766
11767
11778
11778
11789
11792
11796
11799
11804
11807
11808
11808
11808
11810
11811
11812
11812
11824
11833
11836
11837
11839
11840
11845
11848
11850
11856
11860
11861
11865
11866
11872
11880
11883
11884
11885
11885
11887
11904
11907
11908
11912
11914
11924
11925
11934
11935
11937
11939
11942
11944
11944
11947
11947
11953
11954
11955
11957
11959
11963
11974
11975
11975
11980
11980
11980
11981
11983
11986
11988
11989
11994
11994
11997
12001
12002
12002
12002
12008
12009
12010
12013
12017
12017
12023
12024
12026
12028
12033
12041
12047
12055
12064
12065
12065
12078
12083
12084
12085
12087
12088
12093
12094
12101
12107
12110
12117
12118
12122
12123
12125
12125
12129
12137
12143
12143
12144
12146
12154
12159
12161
12162
12163
12164
12166
12170
12179
12185
12185
12186
12187
12191
12209
12210
12215
12217
12222
12227
12234
12235
12236
12238
12240
12246
12251
12255
12259
12264
12266
12268
12269
12269
12273
12278
12282
12282
12287
12294
12295
12302
12304
12306
12315
12317
12319
12320
12320
12323
12326
12327
12329
12329
12335
12336
12356
12358
12365
12367
12370
12372
12378
12379
12381
12382
12383
12386
12389
12389
12394
12405
12406
12411
12413
12416
12417
12419
12430
12432
12432
12436
12436
12445
12452
12453
12466
12466
12469
12471
12474
12475
12475
12475
12475
12476
12477
12481
12481
12499
12502
12508
12509
12513
12513
12516
12519
12524
12531
12532
12540
12540
12545
12546
12547
12552
12555
12556
12556
12558
12564
12566
12568
12569
12571
12572
12581
12581
12582
12582
12583
12591
12594
12597
12599
12601
12603
12605
12610
12613
12616
12617
12619
12627
12631
12641
12644
12648
12650
12657
12657
12657
12669
12675
12678
12678
12680
12683
12683
12685
12686
12690
12700
12700
12701
12705
12705
12713
12713
12719
12719
12726
12730
12736
12742
12745
12746
12747
12751
12752
12755
12757
12766
12766
12766
12778
12788
12793
12794
12798
12798
12805
12807
12808
12810
12810
12812
12815
12815
12819
12819
12819
12823
12825
12836
12837
12850
12853
12854
12859
12861
12862
12864
12875
12878
12878
12879
12881
12890
12898
12899
12901
12901
12904
12907
12909
12910
12910
12912
12914
12914
12919
12920
12920
12926
12929
12931
12935
12937
12957
12957
12959
12965
12970
12974
12980
12982
12982
12984
12987
12997
12998
12998
13000
13007
13008
13013
13019
13024
13024
13026
13026
13028
13030
13035
13035
13036
13037
13039
13041
13042
13052
13064
13065
13072
13083
13086
13088
13088
13089
13089
13090
13095
13096
13098
13100
13103
13104
13105
13110
13114
13114
13116
13122
13126
13127
13127
13131
13133
13134
13137
13145
13145
13146
13146
13151
13152
13157
13159
13166
13169
13176
13181
13187
13188
13193
13195
13203
13208
13210
13215
13217
13226
13231
13231
13233
13238
13238
13242
13260
13261
13262
13265
13266
13273
13275
13275
13277
13280
13283
13285
13293
13295
13297
13301
13305
13306
13306
13308
13313
13325
13340
13344
13345
13345
13347
13355
13359
13362
13364
13365
13368
13374
13381
13385
13386
13386
13393
13396
13396
13400
13401
13401
13409
13414
13415
13416
13416
13416
13424
13424
13426
13427
13428
13433
13433
13435
13437
13449
13452
13455
13455
13456
13457
13458
13467
13467
13469
13471
13479
13489
13489
13489
13494
13495
13501
13504
13508
13513
13522
13523
13524
13527
13527
13531
13535
13544
13545
13545
13545
13546
13548
13549
13551
13552
13558
13559
13569
13570
13572
13575
13578
13581
13582
13583
13583
13588
13592
13593
13598
13600
13600
13606
13609
13612
13613
13619
13620
13624
13626
13626
13626
13630
13630
13633
13635
13637
13641
13643
13645
13652
13657
13658
13659
13661
13661
13664
13664
13669
13669
13670
13671
13680
13681
13690
13693
13698
13707
13710
13714
13715
13718
13718
13719
13720
13723
13724
13724
13729
13732
13736
13738
13740
13746
13746
13755
13763
13764
13766
13768
13769
13772
13772
13776
13777
13783
13796
13800
13800
13804
13811
13811
13811
13813
13817
13817
13819
13821
13823
13830
13832
13833
13835
13836
13839
13845
13849
13857
13865
13866
13869
13870
13875
13879
13880
13884
13887
13888
13890
13906
13907
13909
13913
13913
13914
13919
13919
13924
13924
13940
13942
13942
13948
13948
13948
13950
13955
13955
13957
13959
13962
13963
13964
13969
13974
13977
13983
13986
13987
13990
13990
13994
14002
14007
14009
14015
14018
14020
14024
14027
14027
14029
14030
14031
14032
14034
14038
14039
14046
14046
14048
14049
14052
14052
14054
14055
14060
14060
14066
14075
14080
14084
14088
14089
14094
14095
14096
14097
14102
14105
14106
14116
14123
14128
14129
14130
14131
14131
14135
14136
14138
14146
14151
14154
14155
14156
14157
14159
14160
14160
14161
14172
14184
14188
14191
14198
14198
14200
14216
14228
14232
14235
14236
14237
14242
14247
14248
14254
14256
14259
14262
14270
14271
14279
14285
14286
14289
14294
14297
14300
14301
14302
14308
14310
14313
14316
14317
14319
14319
14321
14332
14334
14340
14343
14349
14349
14352
14360
14363
14366
14370
14374
14377
14387
14392
14397
14400
14416
14419
14422
14425
14426
14428
14428
14431
14433
14435
14436
14445
14447
14449
14450
14456
14461
14464
14464
14469
14475
14477
14480
14482
14482
14482
14485
14486
14491
14493
14496
14499
14501
14506
14515
14521
14525
14526
14530
14535
14536
14540
14548
14549
14552
14556
14557
14558
14567
14575
14575
14575
14580
14582
14589
14590
14599
14617
14618
14621
14628
14628
14628
14629
14631
14634
14636
14641
14641
14643
14645
14645
14649
14653
14661
14664
14682
14682
14692
14699
14702
14704
14706
14708
14710
14721
14723
14724
14725
14729
14732
14735
14736
14738
14739
14742
14743
14744
14746
14749
14753
14754
14761
14761
14761
14763
14764
14764
14786
14791
14791
14794
14796
14798
14809
14812
14813
14820
14820
14822
14823
14827
14831
14832
14834
14839
14842
14843
14847
14847
14854
14864
14869
14871
14877
14883
14893
14900
14900
14904
14910
14910
14913
14923
14925
14925
14926
14928
14930
14933
14933
14935
14940
14942
14942
14947
14948
14950
14950
14951
14951
14964
14967
14969
14975
14981
14993
15007
15009
15013
15015
15019
15025
15026
15032
15033
15041
15042
15054
15068
15073
15080
15087
15089
15092
15094
15096
15098
15098
15101
15107
15107
15111
15113
15114
15123
15124
15127
15127
15128
15131
15133
15139
15140
15141
15151
15153
15163
15164
15166
15169
15173
15175
15175
15175
15179
15182
15188
15188
15188
15194
15196
15202
15203
15213
15213
15216
15219
15226
15226
15227
15231
15235
15237
15249
15256
15262
15266
15276
15279
15282
15283
15289
15290
15293
15298
15306
15306
15307
15309
15312
15318
15319
15319
15320
15320
15330
15331
15336
15338
15343
15344
15347
15347
15352
15356
15357
15362
15366
15373
15373
15376
15378
15379
15384
15387
15390
15391
15393
15394
15396
15399
15400
15400
15401
15408
15410
15413
15415
15416
15421
15422
15427
15433
15434
15436
15437
15447
15447
15447
15451
15452
15454
15455
15455
15462
15464
15466
15467
15468
15468
15473
15474
15474
15484
15485
15489
15497
15497
15506
15506
15509
15511
15513
15514
15516
15521
15521
15522
15542
15549
15557
15563
15563
15565
15573
15582
15583
15588
15588
15589
15596
15598
15611
15612
15614
15614
15620
15622
15623
15623
15625
15626
15628
15642
15643
15643
15646
15652
15655
15658
15658
15664
15666
15670
15670
15672
15676
15681
15691
15695
15697
15709
15717
15718
15721
15724
15727
15732
15733
15734
15736
15738
15738
15740
15744
15745
15759
15763
15767
15772
15773
15775
15776
15781
15783
15785
15794
15794
15799
15804
15804
15805
15805
15806
15811
15813
15824
15825
15838
15841
15850
15858
15858
15860
15863
15865
15866
15870
15873
15874
15875
15876
15876
15879
15889
15893
15894
15894
15895
15900
15907
15909
15909
15911
15912
15914
15914
15916
15923
15927
15927
15928
15937
15944
15952
15952
15953
15954
15955
15965
15965
15972
15973
15979
15983
15985
15986
15986
15990
15998
16001
16012
16014
16036
16039
16040
16040
16050
16052
16054
16055
16055
16060
16061
16072
16073
16083
16084
16085
16087
16091
16092
16096
16098
16099
16104
16107
16112
16112
16114
16122
16123
16125
16127
16128
16130
16131
16131
16131
16138
16145
16147
16148
16154
16158
16159
16160
16161
16163
16168
16170
16170
16179
16182
16183
16191
16194
16197
16197
16197
16200
16202
16205
16206
16208
16210
16221
16222
16228
16228
16237
16237
16242
16245
16247
16255
16256
16260
16260
16263
16268
16269
16269
16270
16274
16278
16281
16282
16284
16285
16292
16297
16297
16301
16307
16313
16318
16321
16330
16330
16330
16330
16332
16340
16341
16345
16346
16348
16348
16348
16348
16348
16349
16352
16352
16354
16355
16360
16363
16367
16369
16378
16382
16388
16391
16392
16392
16393
16393
16395
16397
16400
16400
16403
16403
16404
16412
16417
16420
16430
16431
16433
16433
16434
16434
16444
16445
16452
16452
16453
16453
16462
16465
16467
16467
16468
16468
16469
16471
16473
16474
16475
16476
16476
16477
16478
16484
16486
16489
16494
16501
16503
16509
16516
16522
16524
16524
16525
16533
16534
16536
16537
16539
16548
16549
16549
16550
16551
16553
16556
16557
16565
16572
16573
16574
16576
16577
16584
16584
16584
16587
16590
16600
16602
16604
16610
16611
16619
16620
16622
16629
16631
16635
16637
16639
16641
16643
16644
16645
16655
16657
16658
16666
16666
16668
16670
16672
16673
16675
16680
16681
16681
16692
16695
16699
16704
16718
16718
16725
16726
16735
16736
16738
16743
16748
16751
16755
16759
16759
16770
16773
16789
16790
16792
16798
16800
16802
16804
16805
16806
16808
16812
16814
16815
16819
16822
16822
16826
16827
16840
16841
16854
16862
16862
16868
16874
16876
16877
16885
16886
16888
16888
16889
16891
16892
16892
16893
16897
16898
16901
16902
16903
16903
16905
16906
16918
16921
16931
16931
16935
16937
16937
16938
16938
16947
16962
16963
16965
16966
16967
16968
16972
16972
16976
16979
16979
16981
16984
16989
16989
16993
16994
16998
16999
17000
17002
17002
17004
17008
17010
17016
17018
17019
17023
17024
17037
17040
17040
17048
17049
17053
17057
17060
17061
17065
17068
17075
17079
17085
17087
17102
17102
17103
17105
17107
17115
17117
17117
17119
17121
17121
17125
17130
17138
17138
17147
17147
17154
17155
17159
17159
17164
17165
17177
17181
17182
17185
17186
17192
17198
17199
17199
17200
17202
17203
17209
17211
17217
17226
17231
17232
17235
17241
17248
17251
17253
17254
17254
17264
17265
17266
17272
17273
17275
17279
17281
17293
17294
17298
17300
17302
17303
17303
17305
17311
17318
17319
17319
17326
17328
17337
17342
17364
17371
17386
17389
17390
17393
17397
17399
17401
17403
17405
17407
17408
17414
17417
17423
17429
17430
17433
17441
17443
17449
17459
17468
17468
17477
17477
17479
17480
17483
17485
17485
17491
17493
17497
17498
17500
17504
17505
17505
17511
17512
17521
17522
17536
17538
17541
17543
17544
17545
17549
17550
17557
17560
17562
17565
17566
17571
17576
17576
17580
17581
17581
17584
17586
17588
17588
17596
17611
17618
17619
17619
17624
17628
17632
17632
17635
17637
17641
17642
17647
17648
17649
17649
17652
17653
17655
17656
17656
17657
17658
17662
17662
17665
17666
17670
17675
17678
17685
17691
17692
17692
17696
17697
17699
17702
17707
17708
17712
17714
17719
17719
17721
17721
17723
17729
17742
17746
17746
17748
17764
17786
17788
17790
17792
17794
17798
17801
17803
17803
17805
17816
17816
17820
17821
17827
17827
17827
17831
17844
17846
17852
17853
17853
17853
17856
17856
17857
17860
17861
17862
17862
17864
17867
17874
17877
17879
17883
17885
17891
17900
17903
17913
17915
17921
17931
17933
17939
17940
17949
17951
17951
17958
17958
17963
17968
17970
17976
17978
17988
17991
17993
17993
18002
18004
18005
18008
18009
18010
18021
18022
18022
18024
18035
18035
18036
18039
18043
18044
18048
18050
18053
18054
18056
18063
18066
18067
18068
18075
18083
18084
18094
18096
18097
18106
18115
18116
18122
18124
18125
18130
18134
18135
18141
18142
18143
18148
18156
18157
18163
18179
18180
18180
18185
18188
18192
18193
18200
18200
18202
18204
18210
18211
18215
18219
18221
18224
18225
18231
18231
18233
18233
18233
18233
18245
18251
18256
18257
18267
18269
18270
18274
18278
18282
18288
18292
18293
18298
18298
18304
18304
18308
18311
18318
18323
18325
18329
18333
18333
18335
18340
18341
18341
18341
18345
18346
18349
18353
18354
18358
18360
18363
18366
18366
18368
18371
18371
18377
18380
18381
18387
18389
18394
18394
18397
18411
18411
18414
18418
18420
18425
18428
18429
18434
18442
18452
18455
18458
18461
18461
18463
18464
18470
18471
18472
18473
18481
18485
18486
18490
18494
18499
18501
18502
18503
18503
18516
18528
18533
18534
18540
18541
18542
18543
18546
18547
18552
18560
18560
18561
18572
18576
18583
18590
18591
18593
18594
18596
18599
18603
18605
18607
18611
18614
18620
18622
18630
18636
18638
18639
18640
18642
18646
18648
18649
18650
18655
18657
18657
18663
18665
18666
18666
18667
18669
18670
18671
18671
18672
18676
18678
18679
18695
18703
18704
18704
18705
18705
18705
18706
18709
18713
18716
18720
18722
18728
18729
18731
18731
18732
18737
18737
18744
18745
18750
18754
18755
18757
18758
18758
18758
18761
18767
18767
18778
18779
18780
18783
18791
18796
18796
18803
18803
18809
18811
18815
18818
18822
18822
18824
18827
18832
18832
18838
18839
18839
18840
18844
18847
18853
18853
18854
18855
18858
18866
18872
18874
18881
18887
18888
18888
18890
18895
18897
18903
18904
18905
18909
18910
18911
18914
18925
18928
18929
18929
18936
18937
18941
18944
18946
18955
18955
18955
18957
18959
18959
18961
18964
18965
18966
18970
18973
18978
18983
18992
18995
18996
18998
18998
19000
19002
19003
19008
19011
19012
19012
19040
19044
19045
19050
19052
19056
19063
19072
19080
19081
19082
19083
19085
19087
19088
19089
19089
19092
19092
19094
19097
19099
19102
19106
19109
19113
19113
19114
19121
19122
19128
19130
19131
19132
19138
19140
19144
19146
19147
19152
19153
19161
19164
19183
19184
19185
19192
19200
19201
19201
19213
19213
19220
19222
19223
19225
19232
19233
19240
19242
19244
19246
19248
19251
19254
19254
19260
19266
19272
19283
19283
19287
19288
19293
19298
19305
19305
19310
19323
19325
19329
19336
19337
19340
19350
19351
19353
19356
19356
19360
19362
19362
19365
19365
19366
19369
19373
19375
19376
19378
19380
19382
19382
19384
19385
19388
19394
19398
19399
19402
19403
19403
19403
19405
19413
19414
19424
19431
19441
19444
19444
19447
19447
19447
19450
19458
19462
19465
19467
19467
19468
19471
19479
19487
19490
19492
19496
19497
19506
19508
19510
19511
19512
19516
19525
19532
19535
19543
19545
19547
19550
19556
19559
19559
19567
19569
19572
19575
19580
19582
19583
19590
19592
19593
19594
19596
19597
19601
19604
19608
19609
19610
19621
19628
19639
19641
19642
19648
19649
19656
19656
19664
19664
19667
19670
19677
19680
19696
19701
19702
19703
19706
19708
19712
19714
19715
19728
19731
19735
19738
19741
19748
19755
19755
19755
19756
19760
19760
19761
19762
19763
19764
19768
19771
19772
19773
19774
19792
19794
19798
19798
19806
19814
19814
19819
19824
19826
19827
19827
19828
19828
19828
19828
19835
19841
19845
19845
19848
19851
19852
19853
19853
19854
19854
19858
19859
19869
19881
19884
19884
19885
19888
19893
19894
19897
19901
19904
19906
19909
19909
19912
19914
19918
19921
19925
19928
19929
19931
19938
19938
19944
19949
19959
19962
19965
19968
19968
19971
19977
19981
19981
19989
19992
19992
19996
20002
20007
20007
20024
20032
20033
20038
20039
20042
20052
20058
20063
20064
20064
20070
20071
20071
20072
20074
20075
20078
20084
20084
20089
20089
20089
20096
20097
20099
20099
20100
20101
20106
20109
20110
20111
20112
20113
20114
20117
20125
20133
20146
20149
20150
20151
20151
20159
20162
20173
20174
20177
20180
20181
20181
20182
20183
20183
20189
20189
20198
20207
20213
20213
20213
20219
20219
20222
20222
20223
20223
20226
20228
20232
20233
20242
20243
20246
20249
20250
20251
20252
20255
20259
20261
20270
20273
20274
20276
20278
20283
20283
20284
20284
20291
20295
20297
20297
20298
20299
20306
20311
20313
20315
20318
20322
20322
20334
20335
20338
20348
20349
20349
20353
20354
20362
20363
20365
20368
20370
20378
20382
20389
20393
20394
20396
20403
20406
20406
20406
20410
20410
20412
20413
20414
20415
20416
20417
20420
20425
20426
20431
20432
20436
20438
20442
20443
20448
20453
20458
20460
20460
20466
20472
20475
20476
20480
20480
20481
20482
20490
20498
20499
20512
20513
20514
20514
20515
20515
20516
20516
20517
20520
20522
20528
20529
20538
20539
20541
20550
20556
20556
20559
20560
20567
20572
20575
20580
20584
20588
20596
20597
20602
20610
20617
20619
20625
20626
20632
20632
20637
20638
20638
20642
20643
20643
20644
20644
20649
20655
20661
20666
20677
20678
20683
20688
20689
20698
20702
20704
20705
20709
20709
20717
20721
20721
20721
20722
20725
20728
20729
20736
20743
20744
20747
20748
20750
20751
20751
20752
20755
20757
20761
20762
20762
20767
20770
20771
20777
20782
20789
20791
20795
20797
20801
20802
20809
20810
20811
20814
20815
20816
20818
20818
20819
20819
20820
20820
20824
20824
20825
20837
20840
20842
20845
20848
20848
20849
20852
20855
20855
20859
20869
20869
20870
20875
20881
20885
20885
20895
20896
20899
20903
20904
20907
20912
20913
20916
20926
20930
20932
20933
20933
20936
20937
20940
20940
20942
20943
20952
20953
20959
20963
20966
20968
20989
20993
20994
20996
20998
20998
21005
21005
21005
21007
21013
21014
21014
21015
21015
21016
21016
21018
21019
21027
21028
21032
21040
21042
21044
21051
21052
21055
21056
21057
21058
21059
21060
21063
21068
21071
21075
21076
21087
21093
21104
21107
21108
21110
21111
21112
21124
21128
21129
21131
21133
21134
21135
21137
21138
21141
21141
21143
21147
21147
21147
21149
21150
21154
21155
21155
21156
21156
21160
21166
21166
21170
21172
21173
21176
21178
21187
21189
21198
21203
21203
21206
21207
21207
21209
21210
21215
21219
21223
21226
21230
21235
21236
21243
21249
21258
21261
21262
21262
21262
21270
21270
21272
21273
21273
21278
21279
21285
21288
21295
21297
21306
21309
21315
21318
21321
21329
21331
21332
21334
21337
21339
21339
21341
21344
21348
21351
21353
21353
21353
21355
21357
21362
21368
21370
21377
21379
21382
21382
21386
21391
21393
21400
21404
21407
21408
21417
21418
21418
21420
21420
21423
21426
21427
21428
21434
21434
21439
21447
21456
21457
21463
21465
21469
21469
21470
21476
21481
21482
21484
21485
21485
21486
21488
21493
21496
21497
21507
21507
21507
21522
21527
21531
21532
21533
21538
21549
21554
21557
21558
21558
21563
21563
21564
21565
21567
21572
21572
21575
21578
21579
21580
21581
21582
21582
21586
21593
21593
21594
21602
21608
21608
21612
21613
21614
21615
21617
21617
21619
21627
21628
21628
21630
21631
21631
21645
21652
21653
21653
21658
21658
21661
21669
21671
21673
21674
21678
21680
21684
21691
21693
21696
21696
21700
21705
21708
21718
21721
21722
21723
21726
21730
21734
21734
21737
21737
21740
21744
21745
21746
21747
21750
21759
21771
21772
21772
21781
21788
21790
21792
21799
21801
21802
21803
21806
21810
21819
21824
21825
21827
21829
21832
21833
21835
21839
21841
21845
21848
21851
21860
21867
21874
21878
21888
21889
21894
21895
21899
21900
21902
21912
21912
21912
21913
21917
21918
21921
21922
21922
21923
21925
21939
21943
21946
21947
21949
21950
21963
21965
21983
21989
21994
21994
22000
22003
22009
22018
22020
22022
22028
22030
22030
22034
22037
22039
22040
22050
22052
22053
22064
22066
22074
22076
22081
22082
22086
22087
22088
22093
22094
22100
22108
22113
22114
22116
22118
22120
22121
22124
22126
22128
22135
22137
22138
22139
22140
22140
22141
22145
22146
22148
22149
22150
22151
22152
22161
22162
22162
22168
22174
22176
22180
22183
22183
22184
22188
22188
22193
22196
22199
22201
22201
22205
22205
22205
22211
22218
22221
22221
22222
22222
22223
22227
22243
22246
22248
22258
22259
22263
22268
22269
22269
22276
22278
22279
22281
22292
22292
22293
22297
22298
22304
22305
22306
22309
22310
22312
22312
22313
22315
22317
22321
22325
22327
22327
22328
22330
22335
22340
22341
22347
22350
22350
22351
22359
22359
22361
22363
22367
22372
22376
22379
22380
22384
22385
22386
22389
22391
22391
22392
22395
22395
22396
22399
22403
22403
22408
22416
22418
22421
22427
22433
22445
22445
22447
22447
22455
22460
22464
22466
22466
22473
22473
22473
22479
22493
22494
22495
22499
22500
22501
22501
22512
22514
22517
22524
22527
22528
22530
22532
22534
22537
22540
22541
22548
22553
22557
22559
22563
22563
22579
22579
22591
22594
22595
22596
22599
22599
22603
22606
22612
22614
22623
22624
22625
22630
22634
22640
22640
22650
22650
22651
22658
22661
22667
22670
22675
22675
22677
22681
22683
22684
22685
22686
22688
22696
22705
22707
22708
22708
22708
22712
22721
22731
22731
22732
22733
22734
22738
22744
22758
22759
22764
22764
22766
22781
22784
22786
22788
22791
22796
22799
22800
22801
22801
22803
22806
22812
22813
22819
22823
22828
22830
22836
22838
22844
22846
22851
22851
22852
22857
22869
22869
22872
22873
22877
22885
22886
22890
22894
22895
22901
22906
22912
22913
22917
22917
22920
22929
22939
22942
22942
22945
22950
22950
22964
22964
22974
22976
22978
22980
22981
22983
22986
22991
22992
22995
23001
23007
23007
23015
23016
23022
23022
23027
23027
23029
23031
23032
23033
23034
23035
23036
23038
23039
23042
23045
23048
23049
23050
23050
23051
23052
23054
23055
23060
23064
23073
23078
23079
23080
23085
23085
23087
23089
23090
23090
23093
23093
23095
23098
23098
23098
23099
23100
23102
23113
23114
23133
23134
23137
23145
23147
23148
23150
23152
23157
23157
23158
23158
23161
23161
23172
23177
23181
23182
23183
23185
23186
23187
23187
23192
23199
23210
23210
23226
23226
23229
23234
23238
23239
23243
23245
23250
23254
23256
23257
23264
23264
23268
23272
23278
23278
23281
23282
23285
23289
23292
23295
23299
23304
23314
23317
23320
23321
23322
23323
23330
23331
23332
23341
23342
23343
23347
23349
23351
23352
23363
23364
23364
23365
23368
23368
23371
23372
23375
23379
23387
23389
23390
23392
23392
23397
23397
23399
23404
23408
23409
23413
23416
23419
23422
23423
23426
23440
23447
23455
23457
23458
23462
23467
23469
23471
23475
23477
23480
23480
23485
23485
23487
23493
23496
23496
23497
23499
23507
23510
23523
23525
23526
23528
23533
23536
23549
23549
23557
23561
23562
23562
23572
23573
23578
23578
23581
23590
23591
23595
23596
23599
23600
23609
23611
23614
23618
23619
23623
23626
23626
23627
23630
23630
23633
23637
23637
23640
23642
23647
23648
23652
23659
23672
23673
23675
23681
23686
23687
23689
23690
23691
23694
23695
23695
23701
23702
23707
23709
23712
23720
23734
23736
23737
23743
23745
23746
23751
23752
23752
23758
23760
23766
23767
23778
23784
23785
23785
23788
23789
23790
23794
23798
23799
23816
23818
23819
23821
23823
23824
23828
23831
23836
23845
23859
23860
23860
23868
23869
23869
23871
23875
23876
23879
23882
23888
23888
23889
23890
23898
23900
23908
23909
23911
23915
23917
23921
23933
23935
23938
23939
23943
23943
23946
23954
23955
23958
23961
23961
23968
23976
23978
23979
23984
23986
23990
23991
24000
24002
24008
24009
24010
24011
24017
24020
24022
24028
24029
24032
24034
24038
24039
24046
24061
24065
24066
24069
24072
24073
24076
24079
24080
24082
24085
24086
24087
24088
24094
24101
24118
24132
24134
24137
24141
24142
24143
24147
24152
24153
24154
24160
24162
24163
24165
24169
24170
24171
24172
24177
24179
24196
24198
24200
24201
24209
24210
24213
24216
24218
24224
24225
24227
24235
24241
24244
24247
24249
24250
24250
24251
24251
24252
24257
24259
24263
24263
24265
24272
24279
24284
24286
24286
24287
24300
24303
24313
24316
24317
24323
24327
24334
24334
24337
24338
24339
24342
24343
24344
24348
24348
24349
24352
24352
24356
24363
24371
24377
24377
24378
24378
24381
24381
24385
24388
24391
24392
24396
24396
24405
24407
24408
24411
24414
24414
24414
24424
24427
24428
24435
24442
24443
24445
24446
24448
24453
24457
24458
24465
24466
24474
24474
24478
24480
24481
24483
24487
24490
24491
24491
24493
24497
24501
24503
24504
24507
24511
24516
24518
24531
24534
24543
24544
24551
24552
24556
24562
24565
24565
24566
24579
24581
24584
24586
24591
24592
24595
24602
24605
24608
24614
24614
24615
24616
24616
24618
24618
24622
24631
24631
24639
24640
24642
24645
24649
24653
24657
24657
24661
24662
24663
24664
24665
24666
24668
24674
24675
24684
24684
24687
24691
24692
24692
24695
24697
24701
24704
24709
24710
24715
24715
24720
24722
24723
24727
24729
24730
24740
24742
24748
24755
24755
24759
24759
24763
24771
24777
24778
24782
24783
24784
24794
24795
24802
24805
24808
24812
24816
24819
24819
24820
24822
24823
24825
24830
24833
24835
24841
24847
24849
24852
24865
24869
24887
24890
24891
24891
24898
24902
24906
24907
24912
24915
24923
24923
24923
24924
24928
24931
24932
24939
24942
24942
24942
24946
24946
24947
24948
24951
24953
24953
24957
24958
24962
24964
24973
24974
24975
24975
24975
24977
24980
24989
24993
24994
24996
24998
25009
25009
25018
25027
25032
25034
25035
25036
25039
25039
25048
25050
25054
25059
25062
25071
25071
25081
25087
25092
25095
25095
25100
25101
25102
25104
25111
25113
25114
25116
25121
25121
25124
25124
25129
25130
25130
25131
25141
25145
25148
25157
25166
25173
25173
25176
25176
25195
25199
25201
25201
25201
25208
25215
25217
25220
25225
25230
25236
25239
25242
25246
25249
25250
25252
25253
25258
25258
25259
25267
25270
25271
25273
25283
25292
25296
25299
25301
25301
25301
25304
25307
25309
25311
25313
25313
25317
25319
25320
25321
25324
25324
25324
25325
25326
25333
25335
25336
25336
25342
25345
25345
25346
25347
25351
25352
25359
25363
25365
25384
25392
25394
25394
25395
25399
25403
25405
25412
25416
25416
25421
25425
25429
25430
25434
25438
25441
25442
25447
25447
25453
25453
25456
25458
25461
25467
25469
25470
25470
25470
25472
25473
25478
25478
25484
25495
25496
25497
25502
25504
25509
25511
25513
25514
25516
25517
25517
25525
25528
25535
25535
25541
25547
25550
25551
25556
25563
25566
25572
25573
25573
25580
25583
25585
25592
25607
25611
25612
25615
25627
25635
25638
25641
25642
25642
25644
25647
25649
25651
25653
25655
25658
25661
25663
25664
25675
25676
25676
25676
25679
25681
25684
25684
25686
25688
25690
25694
25698
25709
25716
25719
25728
25732
25740
25741
25741
25741
25747
25749
25752
25764
25772
25776
25777
25778
25780
25782
25782
25784
25787
25791
25792
25792
25799
25803
25805
25805
25812
25821
25829
25834
25836
25837
25840
25847
25849
25856
25863
25871
25883
25884
25886
25888
25890
25890
25899
25904
25907
25908
25910
25913
25918
25918
25919
25926
25927
25934
25934
25936
25940
25947
25950
25950
25952
25958
25960
25965
25974
25977
25986
25986
25990
25992
25996
25997
26001
26002
26002
26002
26004
26006
26007
26013
26017
26020
26020
26021
26021
26021
26022
26023
26025
26030
26036
26037
26038
26039
26040
26048
26050
26053
26060
26061
26063
26068
26070
26071
26072
26073
26076
26078
26083
26088
26088
26091
26093
26093
26097
26098
26098
26100
26101
26107
26110
26116
26116
26121
26121
26134
26143
26143
26159
26159
26160
26161
26168
26175
26178
26182
26183
26183
26186
26201
26204
26206
26206
26207
26211
26212
26212
26216
26218
26220
26221
26234
26236
26249
26252
26253
26254
26254
26255
26256
26257
26259
26259
26261
26274
26274
26276
26292
26296
26298
26298
26300
26300
26303
26308
26311
26314
26315
26315
26315
26321
26328
26329
26331
26334
26336
26339
26340
26344
26344
26346
26351
26356
26358
26363
26370
26373
26375
26377
26380
26382
26383
26383
26384
26384
26385
26387
26396
26397
26402
26404
26408
26410
26413
26414
26414
26414
26415
26416
26421
26423
26424
26435
26436
26436
26438
26444
26448
26452
26456
26456
26460
26465
26466
26467
26467
26468
26469
26470
26475
26475
26477
26482
26484
26489
26491
26496
26500
26501
26508
26513
26514
26515
26519
26519
26520
26520
26525
26527
26528
26530
26537
26540
26541
26546
26552
26553
26560
26564
26565
26567
26578
26580
26581
26581
26581
26587
26589
26598
26601
26610
26614
26615
26619
26620
26621
26622
26633
26637
26637
26638
26638
26643
26647
26648
26653
26653
26658
26658
26660
26661
26666
26672
26674
26678
26678
26678
26684
26685
26692
26692
26696
26697
26700
26705
26705
26706
26709
26715
26718
26721
26724
26731
26733
26742
26742
26746
26750
26750
26755
26755
26768
26776
26778
26778
26780
26781
26786
26791
26793
26794
26797
26805
26810
26810
26820
26831
26832
26841
26843
26847
26856
26861
26869
26880
26881
26886
26887
26892
26892
26894
26898
26901
26903
26904
26905
26911
26911
26914
26915
26920
26921
26923
26924
26932
26936
26937
26937
26937
26938
26948
26954
26955
26957
26958
26959
26960
26963
26965
26965
26972
26973
26981
26988
26997
26997
27001
27013
27016
27017
27017
27019
27030
27031
27032
27035
27051
27053
27060
27065
27066
27066
27073
27074
27077
27089
27093
27095
27101
27103
27105
27106
27106
27106
27113
27118
27120
27126
27128
27129
27130
27133
27139
27140
27141
27141
27142
27152
27153
27157
27160
27160
27160
27164
27166
27168
27169
27171
27173
27176
27177
27180
27184
27184
27193
27194
27205
27208
27209
27212
27217
27221
27234
27237
27237
27239
27249
27253
27256
27271
27272
27279
27279
27280
27284
27286
27293
27297
27299
27300
27303
27317
27317
27319
27322
27327
27343
27344
27346
27350
27355
27356
27357
27367
27371
27374
27376
27376
27377
27379
27386
27387
27388
27391
27399
27401
27406
27407
27410
27416
27417
27418
27422
27424
27430
27433
27438
27442
27445
27446
27451
27451
27454
27456
27466
27469
27472
27474
27481
27488
27504
27505
27506
27510
27510
27517
27518
27519
27528
27533
27537
27537
27538
27542
27551
27552
27552
27559
27560
27563
27565
27566
27577
27581
27582
27603
27611
27613
27615
27617
27624
27627
27627
27634
27637
27639
27641
27644
27652
27654
27655
27656
27657
27658
27662
27662
27665
27668
27672
27678
27678
27691
27692
27692
27697
27704
27705
27707
27711
27714
27715
27717
27719
27720
27727
27731
27734
27739
27742
27745
27747
27750
27757
27759
27761
27766
27767
27768
27772
27774
27777
27779
27786
27790
27791
27792
27792
27794
27796
27801
27802
27804
27806
27809
27809
27810
27817
27821
27824
27824
27828
27832
27832
27837
27837
27839
27841
27844
27849
27850
27862
27863
27863
27863
27863
27867
27871
27871
27874
27879
27886
27886
27889
27895
27895
27903
27906
27908
27918
27938
27951
27956
27963
27963
27968
27971
27975
27976
27980
27987
27992
27994
27996
27997
28004
28004
28005
28008
28009
28015
28017
28019
28019
28021
28023
28024
28027
28032
28036
28044
28052
28059
28060
28062
28064
28064
28065
28071
28071
28101
28102
28121
28122
28122
28125
28128
28131
28139
28140
28148
28149
28149
28150
28154
28154
28154
28158
28165
28166
28171
28175
28177
28178
28179
28181
28189
28189
28191
28193
28193
28197
28201
28203
28205
28206
28210
28210
28214
28215
28220
28221
28233
28241
28245
28248
28252
28260
28274
28281
28282
28283
28283
28287
28290
28291
28296
28296
28298
28301
28303
28305
28317
28317
28319
28321
28323
28326
28330
28337
28340
28342
28342
28343
28346
28349
28352
28353
28353
28356
28356
28356
28367
28367
28368
28371
28373
28375
28377
28379
28383
28386
28393
28394
28395
28409
28410
28411
28415
28423
28434
28436
28436
28442
28442
28443
28447
28451
28453
28460
28464
28466
28467
28472
28472
28473
28474
28475
28475
28476
28489
28494
28495
28495
28496
28498
28505
28511
28518
28520
28528
28528
28530
28532
28533
28536
28543
28552
28555
28555
28556
28558
28562
28571
28572
28573
28574
28575
28575
28577
28579
28584
28590
28593
28596
28597
28600
28606
28606
28607
28609
28612
28613
28617
28623
28623
28629
28636
28642
28644
28645
28647
28655
28663
28665
28669
28669
28675
28687
28689
28691
28696
28697
28698
28698
28703
28707
28708
28712
28712
28712
28715
28716
28716
28717
28719
28724
28724
28724
28725
28730
28734
28735
28736
28738
28739
28739
28741
28745
28746
28746
28749
28751
28752
28753
28755
28759
28760
28760
28762
28766
28773
28775
28779
28780
28781
28781
28783
28785
28786
28794
28799
28804
28807
28815
28818
28818
28820
28820
28825
28827
28827
28830
28831
28832
28832
28834
28836
28836
28845
28846
28846
28847
28856
28857
28858
28861
28865
28866
28873
28874
28878
28880
28880
28890
28906
28911
28914
28917
28921
28925
28926
28928
28935
28935
28936
28948
28951
28952
28962
28968
28968
28970
28972
28974
28981
28984
28986
28987
28987
28998
29000
29008
29010
29014
29017
29020
29022
29023
29023
29024
29028
29033
29035
29035
29037
29042
29043
29044
29045
29047
29052
29056
29057
29058
29063
29064
29076
29077
29079
29080
29088
29088
29099
29100
29107
29111
29118
29119
29120
29120
29122
29122
29134
29136
29137
29141
29142
29145
29156
29161
29163
29163
29171
29173
29175
29180
29181
29182
29187
29193
29198
29201
29203
29216
29221
29224
29225
29228
29230
29230
29232
29233
29242
29243
29246
29249
29250
29252
29254
29257
29260
29260
29262
29263
29263
29264
29264
29270
29270
29271
29276
29278
29280
29282
29283
29284
29290
29293
29295
29296
29298
29298
29300
29302
29305
29307
29313
29317
29318
29321
29328
29335
29335
29336
29346
29346
29347
29347
29350
29350
29350
29350
29352
29354
29358
29368
29370
29377
29379
29380
29386
29394
29396
29400
29401
29405
29405
29417
29421
29423
29434
29434
29435
29437
29437
29449
29450
29452
29454
29456
29457
29459
29462
29464
29467
29468
29468
29473
29474
29476
29480
29484
29485
29495
29510
29511
29512
29513
29513
29514
29514
29524
29528
29530
29532
29540
29540
29542
29542
29547
29555
29558
29562
29567
29567
29572
29579
29579
29583
29590
29592
29592
29596
29598
29603
29605
29606
29609
29609
29612
29612
29613
29614
29615
29625
29635
29637
29639
29640
29641
29645
29647
29649
29651
29652
29654
29656
29659
29667
29667
29678
29681
29683
29689
29692
29695
29700
29701
29702
29710
29714
29715
29717
29720
29721
29722
29734
29739
29747
29749
29752
29755
29758
29760
29760
29760
29761
29764
29770
29774
29776
29783
29785
29787
29787
29791
29793
29793
29794
29800
29803
29805
29807
29812
29814
29820
29826
29827
29834
29836
29836
29837
29841
29841
29847
29850
29851
29858
29867
29869
29877
29879
29880
29880
29895
29897
29898
29899
29899
29902
29910
29914
29916
29917
29921
29924
29925
29928
29930
29931
29932
29934
29934
29935
29937
29937
29939
29946
29948
29948
29953
29956
29984
29995
29996
29996
29998
29998
30020
30024
30026
30027
30029
30034
30035
30039
30046
30057
30057
30060
30063
30066
30073
30074
30075
30079
30084
30086
30087
30090
30090
30092
30092
30097
30098
30100
30102
30104
30112
30113
30131
30133
30137
30138
30140
30140
30140
30140
30146
30146
30146
30147
30147
30152
30153
30154
30156
30157
30158
30177
30183
30183
30199
30199
30200
30200
30203
30214
30215
30220
30221
30227
30231
30232
30232
30235
30237
30246
30247
30250
30252
30254
30270
30273
30277
30279
30281
30284
30290
30292
30293
30298
30301
30303
30313
30314
30314
30316
30317
30320
30322
30330
30331
30332
30335
30336
30346
30346
30347
30350
30353
30357
30360
30360
30361
30366
30370
30374
30374
30377
30385
30385
30386
30387
30388
30391
30396
30403
30411
30412
30415
30421
30422
30422
30425
30431
30438
30440
30446
30457
30457
30459
30465
30466
30469
30473
30475
30479
30481
30485
30486
30492
30499
30499
30503
30504
30507
30514
30515
30516
30520
30521
30522
30524
30538
30538
30542
30553
30554
30555
30560
30569
30571
30572
30573
30574
30579
30584
30585
30586
30591
30592
30595
30604
30609
30614
30614
30617
30618
30622
30631
30639
30641
30646
30649
30654
30654
30656
30656
30657
30660
30661
30663
30665
30672
30675
30675
30678
30679
30682
30685
30688
30695
30699
30704
30705
30705
30713
30716
30718
30722
30726
30728
30730
30731
30731
30738
30740
30743
30750
30754
30758
30759
30763
30765
30767
30767
30768
30768
30777
30780
30787
30789
30790
30790
30793
30794
30798
30801
30805
30808
30810
30813
30813
30816
30816
30817
30817
30819
30822
30825
30826
30827
30829
30830
30831
30837
30841
30852
30853
30860
30861
30866
30866
30867
30871
30874
30875
30876
30879
30883
30888
30889
30893
30894
30895
30896
30896
30899
30899
30900
30901
30901
30904
30905
30907
30913
30914
30922
30926
30927
30930
30933
30940
30942
30942
30945
30948
30953
30954
30959
30960
30968
30971
30975
30978
30983
30984
30986
30986
30986
30990
30992
30995
30997
30997
31001
31010
31013
31015
31015
31018
31026
31030
31038
31040
31044
31053
31062
31067
31072
31078
31081
31084
31086
31090
31090
31093
31093
31094
31111
31111
31122
31124
31130
31138
31138
31144
31148
31148
31149
31158
31161
31162
31172
31173
31180
31181
31185
31185
31187
31190
31191
31192
31193
31208
31211
31212
31215
31220
31225
31229
31229
31232
31238
31239
31243
31246
31249
31250
31251
31252
31254
31257
31262
31264
31269
31270
31274
31286
31286
31288
31288
31304
31309
31310
31313
31314
31316
31318
31318
31319
31323
31328
31333
31343
31345
31348
31349
31355
31356
31357
31362
31363
31365
31370
31375
31377
31380
31381
31383
31391
31395
31400
31406
31407
31408
31412
31413
31418
31421
31426
31426
31426
31432
31435
31437
31447
31452
31454
31457
31462
31462
31469
31469
31473
31475
31480
31480
31484
31485
31489
31493
31493
31495
31497
31499
31508
31509
31509
31515
31515
31518
31520
31523
31524
31529
31534
31538
31540
31541
31542
31544
31550
31558
31559
31564
31571
31571
31574
31577
31577
31578
31579
31579
31581
31582
31584
31587
31589
31594
31596
31597
31598
31601
31604
31606
31610
31611
31611
31612
31612
31633
31645
31646
31651
31662
31666
31666
31668
31675
31677
31682
31684
31685
31685
31687
31698
31702
31702
31703
31714
31716
31717
31717
31721
31721
31724
31728
31736
31738
31740
31741
31742
31745
31747
31749
31753
31755
31761
31772
31772
31772
31775
31778
31785
31785
31788
31797
31799
31800
31811
31816
31818
31821
31831
31832
31833
31835
31836
31838
31842
31844
31847
31847
31847
31849
31850
31850
31855
31866
31866
31869
31870
31873
31874
31875
31878
31883
31884
31885
31892
31906
31912
31913
31922
31927
31931
31932
31934
31936
31937
31941
31943
31948
31949
31953
31954
31962
31962
31965
31966
31968
31970
31973
31973
31978
31979
31979
31981
31983
31983
31983
31987
31989
31991
31993
31998
32000
32003
32005
32005
32005
32010
32014
32019
32025
32026
32027
32031
32032
32034
32038
32043
32043
32047
32058
32065
32066
32070
32072
32072
32082
32083
32084
32087
32089
32089
32091
32098
32098
32098
32099
32100
32100
32104
32107
32111
32112
32112
32113
32116
32122
32122
32125
32126
32127
32129
32132
32133
32136
32138
32145
32148
32149
32155
32160
32162
32164
32178
32182
32188
32189
32191
32197
32198
32198
32198
32204
32207
32214
32218
32220
32222
32222
32224
32237
32241
32242
32246
32248
32251
32253
32256
32258
32259
32260
32261
32263
32265
32266
32268
32270
32271
32275
32280
32281
32285
32286
32287
32294
32297
32297
32300
32301
32314
32315
32317
32319
32334
32340
32348
32352
32353
32356
32363
32372
32372
32382
32386
32392
32393
32393
32396
32402
32408
32410
32411
32411
32414
32417
32421
32424
32426
32428
32440
32443
32444
32454
32455
32456
32461
32464
32466
32472
32478
32480
32485
32489
32491
32492
32500
32509
32512
32517
32518
32519
32536
32537
32537
32539
32544
32545
32547
32548
32557
32560
32570
32572
32576
32579
32582
32585
32586
32594
32594
32598
32599
32600
32604
32605
32608
32613
32613
32617
32618
32623
32636
32642
32656
32657
32659
32663
32667
32667
32674
32676
32677
32678
32679
32680
32689
32689
32714
32717
32721
32723
32726
32737
32738
32750
32759
32762
32767
32768
32768
