27164
24046
27658
306
20150
7398
13582
12187
21845
18611
4837
4505
24339
13723
25102
17856
13306
24586
28562
24065
29454
11398
2350
16183
17294
25573
22708
7932
11128
16318
3759
5057
12107
6941
8262
27422
7952
7035
7267
14950
13467
26093
23572
23935
26383
13467
4657
22512
6048
24692
32319
19516
31645
13088
18068
32111
26541
5430
15804
3830
24665
27824
5916
30387
5066
16284
20181
21841
8404
28436
18667
10453
20276
7791
27559
3446
7446
6841
14649
175
17883
22113
11426
23186
9752
19762
24017
29023
8418
25732
12556
6997
27209
7092
5522
712
23330
8401
6015
116
12810
7576
18671
28689
26023
20643
18022
13096
27697
18141
23152
22052
7217
18745
1156
2988
2697
21156
26414
29232
2485
8760
24942
22466
11856
15794
22363
28712
31962
30758
28171
12591
9400
20721
16055
18754
27772
16112
17691
25658
13159
15343
3356
12920
11308
9316
25517
26161
13559
16222
3827
6922
28846
696
20903
23525
1399
26514
15805
15098
9338
25345
6723
12329
16104
22278
24715
12686
3132
4029
5260
14935
17857
8407
31878
13266
15188
14154
31717
29898
9579
13127
5480
19220
22614
7789
22658
17253
15557
21052
15873
9063
12683
25292
14317
18955
15009
8639
30899
27168
8558
19828
13698
21285
27205
16509
26614
15451
17200
13652
21236
17951
20460
29257
20181
9591
30516
29119
8390
11755
5443
23192
24942
11670
14228
23790
14034
20348
17900
18180
25974
30750
15514
26236
31941
20556
23549
2506
8883
29243
29000
13800
17057
27863
7298
25675
9089
4442
14289
23831
10554
16158
17399
399
17742
8623
32285
6863
23226
5413
720
189
6430
9393
8777
11581
4893
22389
18929
4004
5127
16281
10020
13424
30901
32667
26421
5430
4021
14822
14515
9435
17576
7847
29163
27655
6887
3036
174
18903
15213
29613
1877
11474
6641
32000
19201
22559
30034
4680
22312
2293
14136
21149
31309
4178
30457
6418
14
13552
9145
3651
19556
29045
6614
30765
15399
25321
10115
15427
28368
31598
17586
18366
23939
19755
568
21044
25421
394
29739
11884
6826
20643
7055
7537
13386
3320
4914
22501
11028
5986
981
16792
31084
20299
9100
31577
13233
21278
17512
18188
11274
9468
13906
29181
867
1969
58
14708
19378
10214
13426
23946
8063
26007
25684
22074
21155
20936
30507
24251
8272
13428
26705
19213
31313
11975
12436
23507
23955
19853
24286
1120
20453
8169
9238
22292
27388
9802
22081
3049
6330
11675
12013
21833
25776
27322
18639
30499
1761
27180
8363
21565
3016
10255
7540
26060
15773
25679
25525
20802
13013
1821
30767
4199
9704
10653
30147
24491
31318
5855
23187
26298
4844
22801
12389
20306
23875
9971
5192
15953
13963
17803
24953
25363
3462
12825
903
4346
26071
10317
13238
5966
8317
22712
9633
19272
11675
25473
26404
30825
2938
27481
30585
11024
14032
21680
22945
2380
28739
1321
9734
11759
31529
14156
24414
14820
14738
13948
3794
4034
18824
5928
27488
28064
1941
16197
4222
22828
6790
21243
2048
4599
27759
22942
11067
32275
13551
12001
8043
17632
30901
5190
29010
3107
8771
30425
5154
2904
6130
15646
18333
26954
29495
12616
10619
6112
15652
23467
30220
8762
21554
24948
15390
8444
24381
15256
2081
18666
29136
23050
19081
18358
17827
1841
32116
25365
11618
8089
19853
3608
9392
29161
18992
26810
8556
23317
24783
23990
2611
29396
10132
21147
30246
23637
15175
7713
6637
3885
13427
14526
1532
11413
30660
23413
6676
13522
26036
239
21005
12532
11622
31948
20436
9411
18130
7483
18096
23799
22563
2760
11209
28071
2653
23158
20458
29956
4419
1550
18054
30279
27256
16054
15865
24808
6116
19909
11537
6161
22873
30678
31181
3666
10615
5660
32100
18838
461
23029
2441
25430
10816
28353
21230
22796
6065
28148
25863
16619
7642
22890
784
14029
30841
4091
6737
5485
28593
28752
10657
20438
7085
7668
16937
32539
2950
7342
1386
30793
21351
13839
17538
32410
17903
23879
9386
26091
23766
1341
27908
14704
5332
7390
24980
15015
16574
9652
20363
19594
6131
6331
11980
7945
1014
3441
31913
11959
29020
22317
13293
27844
10217
3249
1568
9003
28150
11778
14854
26924
31509
23672
21353
15357
32248
22801
26648
4029
14735
15626
17968
27817
32113
8369
20378
27794
32125
9333
11989
11407
19649
4159
18678
1775
32667
32005
4333
10609
14621
15516
8201
23480
10166
29645
14271
2553
13583
6828
4263
26615
27956
22309
6855
16433
24820
26072
4884
17241
1930
1319
4662
27657
25469
5772
30860
19122
28356
27184
23408
19925
4654
26810
22460
23157
11265
3941
28044
18636
27105
29270
18758
6461
31220
14636
7640
30090
22340
18904
29761
21063
13669
5551
5203
17550
20311
15549
27319
24565
7597
31581
4145
12477
14319
5639
22053
9804
25918
14184
31835
477
8246
29880
29695
7543
4633
27720
21484
7963
18729
12890
25130
27714
11861
54
22196
29063
32280
22906
15231
4768
18591
7090
3513
22162
15658
11304
1102
9253
17588
14334
8113
8854
12246
14969
26329
4749
31721
15776
30090
13134
29547
2310
16341
2099
11683
13028
12002
4698
12680
18282
31469
21147
16352
31319
26255
10173
2213
5832
16191
23785
20396
8525
18200
31838
17545
24642
27613
14951
4525
15965
28474
3210
26321
15235
25676
16643
664
24544
9828
10865
32623
25910
11528
13262
26552
2677
24891
28836
21801
17805
22527
32126
8046
18304
5655
17565
24086
1723
16657
31469
16812
17318
24964
26936
2084
15226
6807
21912
4218
32083
31426
8498
20885
5510
18905
28193
14449
820
30790
25009
12669
11295
5013
22222
24898
17085
25655
5308
20550
21131
6271
24072
3632
26276
8433
27582
4140
32402
8636
10460
20113
17764
7557
16903
26050
16128
15718
23933
15954
24507
23095
3915
107
16935
11020
24000
22128
28460
15614
27169
17121
27739
6191
4510
3455
1150
13832
6789
2993
32372
11461
16822
18471
13884
13364
15447
19901
19535
26553
456
6562
24371
27030
29145
30905
845
19305
11067
21567
27895
24566
9781
12719
210
23079
26520
27106
15965
23889
24565
23419
14535
25273
19213
7298
4610
6231
9097
28495
11289
7386
32492
32426
1219
15596
26053
9520
28472
5558
31785
17401
8259
16551
3680
27767
16537
27761
21983
24993
31081
1877
2678
13393
12084
24225
5067
32491
24287
22391
28423
1088
20743
9423
7375
13746
6036
7871
11126
25752
2449
7931
12657
8932
12603
1688
19467
5891
24663
20757
30298
18180
24265
22683
19569
7933
26467
12164
3799
13994
26363
13083
31288
6744
12736
15266
18267
6913
8910
3482
26452
27065
23039
28734
20475
584
3076
3409
27804
10521
6325
32281
1776
83
23462
10668
15436
30789
27387
22634
21273
7943
14461
8395
1156
4958
18669
4443
3702
7905
30104
15362
8647
15194
27691
1673
175
1903
24777
25690
24957
28290
9819
23943
27019
2005
8487
1806
21617
28914
18341
20572
7033
10058
9613
18959
12627
9500
5429
18944
9738
17816
8986
4225
18231
13381
20412
21219
4213
27552
9136
20284
20
1798
18928
19814
9234
27603
9333
12619
29510
3532
3848
608
18143
21178
17493
3184
2061
22872
6465
32155
26110
10095
637
9630
10252
832
6235
14933
28725
31778
3297
17790
459
26220
18461
8127
24684
20117
7863
7403
23349
10138
22221
19841
22579
14496
28410
31093
29722
3547
23480
14387
19002
28846
12009
18914
30894
11028
23984
5605
13527
6718
6277
29352
1033
21630
27017
6809
27779
26211
3350
29300
12965
27430
14491
1220
30301
1092
17319
22183
17635
29805
26435
31185
29350
24989
1925
32723
20870
649
15202
12957
5955
15164
1732
13890
2101
27906
31452
30716
14910
32133
12474
3696
1022
22838
21019
28467
27717
29934
9346
7564
11726
4821
19082
13948
9002
20100
12154
32251
12026
13414
20762
20869
29793
26724
23493
9173
29625
8129
19648
26097
24453
29250
3786
358
15783
18067
17652
18389
10452
24038
14259
31662
17988
17117
6196
22076
17326
8106
3567
12002
29043
16245
17023
10148
19738
16125
24497
744
4092
12419
13275
1662
5696
14052
28783
4063
12810
23557
14031
15794
16112
9843
26467
21141
2478
12875
26346
13593
24602
20824
19981
12558
23898
30332
14138
24066
18004
28753
7855
20228
2662
14095
2261
28590
15447
20913
25296
12898
6030
5715
20820
29651
25986
18911
25018
14279
22386
25320
20819
8988
10326
29654
24316
22281
6933
68
23282
4519
10488
16806
26856
14256
29791
7983
10327
11142
21427
23794
14102
5495
2203
17991
16938
319
30579
22384
6367
29902
29434
10876
30232
25676
28746
11116
29667
10075
14094
22421
23888
21404
25071
3141
21124
8308
17231
10409
29449
14352
570
1774
616
6566
921
4263
15098
28926
29609
29295
17147
1842
940
13007
30688
12466
12255
12386
1002
23690
8619
19254
29180
10472
543
15734
13226
8408
20638
26438
19858
1875
4565
4591
7663
21368
27376
28220
29035
16921
32014
21028
23093
8313
5362
31144
32084
13396
763
20223
19003
25888
12118
32241
20637
2707
15986
22145
10370
1125
22964
17102
8347
32599
28781
21563
9938
2932
1289
11214
7974
26519
23177
16854
7350
9773
5683
20689
12571
3900
10631
26508
17915
25509
6262
26252
13531
26022
28623
27821
4405
19106
32762
30473
22731
31269
12264
14363
32314
15907
31818
27173
466
18560
30465
8398
3237
12757
23254
24080
16862
21874
1900
28241
14933
11935
31090
20432
24160
6952
4893
10563
4587
10008
18646
5055
26315
17860
1584
15319
18767
7179
24348
7688
23320
16349
24928
25173
28715
4346
6725
6958
25157
3836
9360
27542
11887
20632
21172
22661
4305
33
18758
18827
4811
333
7601
31927
16194
9276
19755
29111
28984
2486
8168
4160
28832
7349
19597
3505
20848
17699
28647
22003
18679
14308
11485
31651
28017
2071
2211
29555
5081
23961
22321
7885
16382
29899
19444
27066
23257
19350
707
3
8990
8108
5396
23958
3089
8720
3952
15914
32411
984
23332
12326
12445
16434
28730
20159
1668
18341
25511
26465
13086
28825
9670
3665
2476
20762
1285
26256
13880
26073
18655
8450
20520
10867
30986
30415
31508
1782
9457
8970
2517
13986
16228
8081
22494
3052
25230
10548
19664
13769
4136
20249
15944
27176
16877
4446
9211
6592
24142
21249
20998
4365
25958
8957
11647
10901
27184
8374
3920
30320
11256
32663
18757
31495
25615
28154
355
29468
7107
25416
22396
11531
7822
6497
2304
28495
23694
13630
1814
1607
20789
25301
13035
24378
16962
26684
13386
21658
27376
29714
7790
3973
26477
11035
22292
8849
29837
14634
29652
16841
22464
26948
432
15347
834
2306
27374
6421
19089
6967
28451
567
15140
7635
24977
22121
27994
26375
8626
4360
25009
23978
533
25918
15928
4316
4457
13000
71
29417
31192
14332
30317
15216
27286
9482
5802
13508
16313
29826
1246
30866
23627
11542
23938
24516
27293
28834
6294
10662
30431
31849
6362
7751
6126
32417
15169
12323
6765
25907
31395
24830
25111
2492
31666
28179
30035
24279
5423
1902
26377
670
10334
5783
4789
23150
23991
22640
24250
7147
6622
20064
30968
26436
16085
19121
16800
22201
3441
7223
22599
10074
15114
7475
32570
24337
3959
10614
18706
5090
7993
16330
17544
14450
30199
21133
6794
4550
17707
2975
21134
14926
27418
1919
12582
22050
26121
19376
25812
23691
1966
31842
29984
6853
31973
5454
10217
21507
32164
10722
20729
8884
14641
28830
16348
32517
21138
7614
16369
3751
326
20761
24257
8658
10802
6985
27792
394
1246
24076
27442
29473
8417
3050
24352
5373
24474
2840
14027
30875
13857
16285
15408
7636
19325
179
17581
13151
18200
32112
4883
16536
25456
21669
8188
7295
6414
25607
15455
22020
30140
4748
16993
29058
29683
6680
18542
8073
26259
5209
2697
20704
19670
20207
32224
19402
8839
10961
17060
9865
111
2796
26647
19233
8465
5645
14055
26718
7575
20480
30138
29720
30475
19962
23562
8886
16330
2612
10035
30705
31030
6873
1482
21723
31148
20514
19761
10015
28342
32191
11624
7562
20353
29562
22310
1482
21393
26903
18473
14198
16819
24958
12746
12367
11059
18716
11732
17862
26448
21382
13718
4030
25325
23647
3895
28818
6281
20349
9546
24154
17521
23623
31906
20842
10548
30817
15464
31772
30808
30092
31850
12240
13131
11975
19894
4912
6300
4282
12648
3513
29035
341
29120
3191
21279
27317
4472
1039
10583
27975
17748
21507
7202
32047
11258
28466
9842
28395
14340
28062
28878
14131
84
27506
17480
25124
27303
22852
10671
1438
25709
8599
2309
13035
7641
18340
23859
11169
31540
25434
20476
24009
12406
7843
21040
27456
15127
6121
1058
16478
11811
19929
603
32214
1165
30822
27280
14813
28101
29457
11474
23695
18572
7272
32005
7054
16392
20173
30867
22764
16147
22137
21602
26955
11737
2241
9987
1346
11682
24727
9004
27139
18156
17491
22120
27963
15805
22708
16397
2106
55
1313
21614
7764
25453
3381
16467
647
8821
25467
166
94
21439
6518
8815
27668
18596
4325
16131
32253
2882
21060
2167
32034
28296
11414
31323
32043
25741
610
677
13187
3878
26620
14060
10166
16055
30469
27095
17182
21321
31541
13524
958
13277
23640
18957
22126
20480
27031
8856
23609
24480
27129
23789
7939
21790
5674
24478
31086
13732
24442
5186
13823
19385
10280
20146
10621
26643
20705
13433
19610
9388
16260
14469
6358
24088
17192
32547
11423
22293
31072
15914
31421
14948
6334
28021
2285
28375
17557
23447
460
29100
19971
31435
7671
11033
1583
31274
10353
28968
1488
32545
8773
11461
3567
4897
18796
21781
26093
6552
1776
13578
23239
25121
2130
12085
17305
10999
2090
29659
12129
10160
2573
23882
8198
24616
3507
26221
30361
31675
32089
28575
29914
19639
23397
17853
30718
12304
29513
8063
20655
5462
4521
1288
23637
17125
1984
21947
17300
10844
32256
24657
533
24912
23032
16680
7050
4673
15227
31454
8684
31180
21759
32031
28935
17443
9027
3515
17209
24251
18485
18428
887
4676
3346
9782
144
30942
20431
18847
26038
9354
24504
29793
7226
2526
3415
27118
31383
766
29079
10644
25778
32455
12329
14161
16736
12365
14631
26344
26921
21128
19959
23860
29260
21578
19827
15293
32258
116
2886
10889
27399
30314
13977
13365
4439
1732
5104
10308
27445
18503
3662
30646
20338
30995
25504
16348
8428
29
28760
30572
5973
8928
24153
29137
1334
17232
15123
11460
16179
14864
14575
7200
2192
8420
8173
26610
10484
8553
12683
20688
3949
7172
1002
11885
9909
15128
6188
15466
16052
18044
12320
10606
12101
19244
10017
7288
6205
27454
21051
9332
25258
27160
11152
17933
26456
18657
19706
7107
24218
1845
32242
15421
32070
23581
22705
23264
25346
31550
19092
22176
15806
14928
29637
11030
18050
10962
10776
30675
31594
31740
9011
4597
15087
14582
2546
21496
9319
14151
778
8142
25039
18832
25836
18225
16073
2682
9964
20024
12513
21485
19362
15400
13588
13955
19088
28301
9875
1340
15622
8842
29380
18803
21059
10350
20106
13072
20189
30087
20678
22784
7011
2107
5662
24034
9792
21076
20989
19715
7394
7580
28890
17293
16412
7850
12222
14843
22473
10747
19712
464
2483
16197
13907
19337
6067
24327
22532
18640
18713
24165
29052
16114
845
11571
4876
7571
21943
16976
10474
28065
31965
8757
14198
11398
8395
13261
11458
26530
21176
22408
27474
11256
3558
29867
29216
7719
16330
28906
17891
20125
7021
17976
32657
7687
15378
10974
9251
17931
23321
32714
10648
23098
7459
31018
19772
21824
14967
13626
7978
1630
1701
13658
26384
29467
7017
28004
17970
310
10961
23868
15026
31966
15522
26793
26638
20261
23289
24931
18666
30899
29230
30573
11792
9399
26621
932
11957
26660
11752
24729
28158
281
21207
17820
22978
10912
22530
22553
18066
22684
19728
26408
3318
28669
30592
1375
3066
20278
2377
29930
13545
15089
10941
6622
1113
769
23475
26315
3175
29592
28645
30609
29764
26298
10903
20084
4337
2545
15738
26482
31558
11331
11983
5587
18233
10337
27343
24579
16477
16161
1099
19869
20393
30254
26768
23496
28283
20222
2701
3014
19164
27141
18744
16330
262
27177
5421
23050
3620
11381
6552
21014
24664
10257
27734
13416
10242
2674
2391
16444
20032
25550
7495
6050
13489
30675
25453
13777
8831
1688
6867
8126
668
8660
22183
749
22347
25166
11745
13959
1763
4500
3622
21166
26063
7152
13804
21005
8666
24216
6624
29107
29354
9765
14724
17185
13193
28998
10013
9377
19052
19382
18124
5082
45
21867
2299
3746
11804
18961
9210
30227
25782
7350
4330
10209
28596
31687
20443
16874
23368
20795
14129
17423
24227
4878
21068
1091
20410
30705
4968
10465
1098
25664
23745
7491
17433
9012
9467
13456
12416
16474
15042
28373
17702
5443
27566
5208
22030
24445
4713
6953
11988
29379
20499
2809
14131
23409
29925
21295
16587
1339
23573
18233
25121
14877
16122
13600
744
3477
17265
19040
32127
2065
18815
15094
31162
9891
15416
24250
25829
764
27103
14575
11014
14232
10062
7705
5475
21558
17048
27662
29252
30347
2286
2128
27130
23351
25535
6298
9504
31480
20771
10681
10273
2078
15226
14493
2043
24639
29776
20912
23618
17963
22149
14951
4711
30754
21418
22806
1594
30277
28845
20232
942
3403
30137
30927
5596
31093
21848
18649
18251
13764
3803
12356
14191
19305
4091
2547
10607
13693
22976
15330
28716
11506
27810
694
23422
28874
16367
7065
2752
24198
18540
16452
18576
28386
21055
10589
21456
27327
12812
2820
14832
27745
4447
16297
9840
218
23114
5408
19360
32198
1615
28663
18603
24377
21631
14599
12499
16886
10980
18761
6142
19938
10013
18411
18546
9400
8776
11939
1501
10493
11301
26692
408
12599
16759
15759
25644
31578
16814
1099
4118
29827
26564
17560
455
10472
19045
18560
28911
28687
10066
18895
5883
10559
32263
12836
16092
7221
15772
8521
523
21015
2537
11712
22218
31406
23533
5022
21420
12751
369
17821
19543
14618
16360
5228
11145
31208
7834
24649
11865
25470
7169
2258
25792
31111
21107
3864
6999
9921
20482
7670
4706
10230
9633
27809
9742
9006
29064
12159
19447
16163
26841
2877
2541
20213
9347
15900
18936
26143
13670
29579
12185
26794
17337
30203
21075
27552
15785
13039
362
31172
22851
17746
29931
4224
28052
31246
4076
26911
26383
730
6165
25148
23343
19283
1632
7546
32605
9295
21788
9590
1811
14702
28472
12282
11586
1266
9406
20596
27889
13776
18590
11942
11559
15366
23469
5534
25612
28464
26861
28393
30027
854
30479
32260
20410
16393
13110
28691
3645
11694
14590
5077
8168
11545
7101
19928
15203
11614
5385
7401
8595
29667
31866
17103
29558
10938
27824
25913
8015
10542
14744
15092
10500
10908
7148
6497
20932
26501
13817
30247
25324
17632
21925
12581
8236
3509
6064
15019
9446
27367
20538
27113
12502
3410
23686
6055
10232
15893
16893
20791
18854
18737
15990
14248
25345
30292
11700
24381
147
1007
26672
17181
25395
22670
32537
8524
15400
24169
31130
21210
29841
15670
30555
29787
1028
26178
23626
29335
6773
9920
27035
20354
8537
13409
26637
13166
22540
26661
18288
7807
3952
7024
22372
20063
18648
23392
32099
11316
15396
26206
3074
22223
2349
10227
8051
7462
6243
9949
9039
32005
28340
6499
26002
31232
30896
5093
23272
24748
4331
1463
30759
18959
17827
30768
17692
29524
8611
17405
3210
15811
31847
12475
19824
27377
5505
12998
20875
26932
32572
15179
3356
17498
7294
20133
11243
3739
13811
21734
28556
21963
27239
22707
17121
30933
32372
10326
9952
29028
20318
3342
23702
26083
27963
3241
28780
6056
8279
26965
2730
364
24022
21428
10553
14847
28571
814
9901
28473
21353
10379
12931
3380
5448
28353
7846
26040
10539
32266
9784
27639
1999
13626
4496
22651
4838
3408
23423
18780
1141
23371
15320
12982
28027
25663
15151
13146
2003
30631
13280
8644
24411
1021
25684
25934
5718
22920
30335
28579
18703
3958
8365
27253
21696
16170
17279
28019
1457
2519
10544
20597
28836
7246
18973
28154
31601
9492
14981
27093
22766
28856
9613
20515
31761
8291
31111
8320
18009
11953
10611
6523
30057
14015
10182
22599
5111
12678
32363
8371
29156
7527
10248
24923
26540
17414
3714
18464
26881
4700
21187
31447
10931
14088
16827
18494
24531
31462
6820
25908
21016
2019
2699
2601
22913
4624
268
1235
30524
5877
16989
4642
6087
10023
23182
5239
16469
28189
22030
31249
11123
27711
25458
26567
6379
5952
17010
31741
21737
21678
9268
15825
14940
711
24782
3221
13471
911
9734
9090
1113
32287
859
1450
19362
19008
30538
26159
9575
14904
25034
24755
19471
14052
25
5647
4958
25095
21946
328
14746
13026
9919
6335
21485
16645
26436
4007
23051
12644
17468
19388
5396
31149
10608
25394
30140
28121
26820
14060
5545
19458
26300
31983
26653
14964
28736
20246
24020
27654
7580
4615
48
24235
26315
18533
18323
26692
19701
9800
12556
1464
15670
30954
22327
8263
4257
13987
4702
15643
19845
19223
25572
19232
3566
29614
12516
790
12143
16452
4117
3557
12319
3106
12017
25904
23778
813
4630
8748
13546
1886
13548
11955
9853
2674
19592
3220
2296
12259
12752
10030
30740
19222
14048
25405
29800
3542
27565
24819
27951
31489
5608
9291
5964
29057
24614
6042
13707
25470
1085
7270
13866
3538
29937
7804
18840
17342
19152
23869
22140
8923
30810
24377
28409
17235
2405
17407
11056
14416
29120
26674
3335
29877
12055
4064
20777
26637
16918
2832
20815
26560
17105
2202
23485
14477
5220
2876
9231
19508
31702
13545
12597
1907
7748
23652
27837
9268
10811
8462
14160
1029
12389
28925
9856
1736
28520
13645
20417
14764
5899
6331
17588
29276
18075
7279
9388
10870
19085
28442
26475
12094
23908
14913
17708
31124
28629
23001
24551
16931
15401
12819
4560
9692
10468
6009
1312
28323
16036
32058
31001
21575
13643
24002
22596
18872
23648
4494
1022
10868
25267
2111
31026
23619
16704
6125
12904
14628
19798
22205
27391
21895
13817
12982
10166
30396
28804
15312
10354
19884
22675
21582
10043
18887
1823
15182
2183
6205
9451
9631
24763
9073
15391
22738
29423
9899
19763
31892
3313
10764
11023
5691
25741
31432
25201
25246
23052
29583
12430
554
17403
10572
19708
11058
10286
20498
2767
22151
1540
27731
5379
6729
5611
9300
18970
9980
8743
17885
31493
6878
23760
21557
4424
8056
22298
12878
24666
1396
32218
15676
9802
21166
16197
27371
32680
30350
15866
16658
21155
6292
13635
14435
30063
13620
29335
24581
5098
31973
2148
21827
6270
10613
7692
25478
7241
15775
301
24704
8827
25311
23590
6315
8960
22917
13783
24562
10336
12041
7848
6829
1251
11934
11980
21203
25336
16393
14791
11627
13527
10420
23341
21572
18278
25342
16557
10214
31833
32726
21839
19912
28574
18056
12794
28356
3064
1750
30521
14791
21226
20811
29758
32461
23510
2508
16168
30221
20070
2160
8833
1904
23595
15506
1035
9800
32132
1572
10428
5439
30146
14661
31239
9869
25225
22
12381
19567
23161
3786
1780
3540
24334
24061
23751
13145
9669
24391
26334
16503
31873
24592
22479
3323
19756
3750
8325
4791
1185
21900
11840
17272
24778
278
18909
31544
27141
25394
31832
25236
7117
27017
7311
21888
150
22983
27208
8761
17656
10294
23158
13435
1552
7314
30904
245
24356
14617
547
17658
31365
6113
7489
28281
10682
12910
21337
16431
18650
18308
12017
1563
28986
21306
9106
28210
16200
19792
8907
22869
12215
8642
632
14464
22493
6045
6213
19012
32089
6674
11885
19575
20728
6089
13768
30250
20698
27768
22788
19931
5584
2227
21810
12268
4105
19462
15237
6484
30446
17729
87
2709
28746
19731
31597
5870
12974
11994
15740
29649
10004
21434
24300
7319
19906
9196
11227
24179
27249
4697
20837
24740
15279
1640
28707
31983
16770
6164
14321
31821
22350
21057
28917
3041
9464
28496
5597
32300
11084
17393
25447
11396
28572
19512
295
3266
2730
3828
10117
20284
7881
19260
26373
6387
31038
9290
29899
11789
25324
16269
8286
8325
25649
2297
22188
22305
11
4514
22094
164
10879
15497
30990
18245
32315
11701
13990
22625
30074
12166
17611
5229
10792
583
30826
31534
24902
18946
19506
10284
26001
3736
12370
29540
30046
528
1924
2621
18377
304
30026
5309
27918
586
24951
15101
3639
26201
21746
7898
20472
24653
5047
7662
23767
26274
6174
28607
23183
25399
21344
29749
20151
5470
22359
18002
13983
23087
19845
26397
22139
20259
24408
5343
963
734
29612
8850
28377
10315
26002
25495
12269
32750
6224
32679
6942
27510
3241
17164
8161
24466
23390
16145
14247
10246
14580
20151
10170
12798
26296
21417
6760
20642
13569
16242
21348
12266
31413
15598
873
27060
9742
3582
32544
28948
19102
29056
23876
18411
20625
9599
16388
12987
10547
22950
19881
24249
11442
9723
7288
11812
1316
22986
5594
7894
19147
14046
5306
32537
13720
27895
17199
25787
2031
27001
31579
6757
5802
20322
12179
30504
4704
11134
7615
21593
30183
14558
20996
5535
15895
18822
15521
30538
20177
10086
24343
5862
10560
396
21645
27152
22367
14743
14706
6025
12476
9583
13924
26249
23675
6451
12881
14422
13469
19827
28636
16404
28291
30112
6658
27871
11437
6848
1021
14871
24008
3686
8296
23035
3304
2530
29605
28282
1810
19893
1404
17477
31229
21832
5636
17449
28697
29405
6599
3740
19921
26565
16673
30102
13325
19667
3817
18594
27644
24338
16979
10036
16400
1203
6165
19773
26186
7753
9929
3581
24503
30777
23187
28952
28987
28779
21507
9709
6541
9286
11837
16675
10371
15068
28759
30852
23440
8033
11778
20751
9099
16354
7021
29512
30641
9267
6246
6611
23022
28970
30403
20033
28760
11274
32768
26666
22524
21058
32297
636
5342
6488
19450
23314
17211
27424
12358
20617
28177
29233
2197
29263
12002
19097
1809
22268
31412
10960
1955
11494
16476
6379
16473
14575
15356
18
20747
14242
9163
14900
30270
21631
4628
25081
25416
11154
20610
249
1973
2379
26778
28203
17386
23689
7561
28832
20744
3832
13088
31345
24595
14237
9757
4086
13396
23471
14764
12088
15611
12713
32301
19369
29193
6813
13624
12819
30829
17867
14046
26831
20845
12914
15410
24631
6472
998
13065
1885
6426
23523
32509
6398
12287
12065
19384
13489
22395
18472
21615
6244
18202
27750
17580
3593
31571
22399
5713
24973
9138
228
4314
29450
15415
24487
19938
14653
22009
8334
26344
18490
21262
614
12372
12382
6575
19609
9653
18822
664
5123
27469
15998
1710
16898
2255
27837
28644
4556
16743
27727
4447
30726
11515
21522
19161
10386
30385
3621
23363
11944
25777
20638
18094
19240
3372
3707
21355
3374
23709
29916
25201
22759
20814
18543
9984
20644
4126
14123
388
21549
13955
29249
444
2648
3531
9295
21531
10458
935
6103
7791
28252
3049
8689
4032
722
20365
9532
10107
12808
19702
16666
30672
13437
19835
285
26456
31349
21538
8380
13819
11594
27051
14155
18705
23299
27089
24618
711
39
13772
13116
10436
25556
28698
8602
7693
31243
9599
2697
29734
16462
1867
7338
6011
18541
6875
22385
6910
26013
610
16600
26384
12234
17130
9045
20389
20782
11157
26633
21923
21027
16937
24890
6028
22325
22731
6403
13661
1404
12555
30794
11190
297
20513
23027
27194
14942
26742
24147
10553
31811
31847
4840
17037
29270
7749
16967
4545
6146
29088
85
8057
18036
20933
18106
7181
21674
16773
13715
28024
32204
2104
19559
21617
448
8194
12125
27863
13305
22869
19628
3410
27791
22455
30290
19000
3989
19398
17417
8109
7847
3705
20855
1807
2242
424
11429
31633
11352
22991
2226
12837
16292
13583
2249
2208
4924
9077
14160
28696
25317
1151
32098
22161
10410
24028
11904
21465
9776
3956
31875
7601
6212
2216
26581
1837
18614
25307
32737
3934
29290
1329
1992
17198
11180
13718
21334
30346
19140
15107
28724
6343
30922
29948
28511
10302
26300
3166
25304
2362
22734
8535
25502
17429
31745
6838
13273
28317
14839
31333
20824
17596
32518
23347
3133
13401
9867
31703
30199
24697
385
31538
15473
24490
11090
10709
17801
14753
8428
5315
7876
26658
19992
11640
5440
24352
1287
13098
2538
24614
5166
16718
22000
7413
28245
10078
21370
28015
6378
28122
24213
7347
21658
11405
25199
4490
13347
5649
18122
22018
5475
23701
20907
16984
12469
21470
20818
20251
12926
29836
8815
21135
4867
9375
26259
11600
8318
26937
32485
10807
28528
26021
7958
5505
9528
19353
3223
20270
20709
8376
24073
23720
17993
32091
20213
15781
12110
10385
31677
2126
18318
13669
6610
4257
30237
1375
40
7956
14761
21581
5095
31355
6854
12610
28004
18731
6275
2272
18767
3424
17217
9427
6702
16604
31173
17566
19977
21457
31883
13210
7271
4865
19293
59
28794
14628
293
14486
17303
12170
8704
20512
31721
16897
3987
4793
9061
18937
6050
18665
2816
5350
20702
29033
11808
2534
14847
13285
27217
21156
20243
28928
24378
2940
2326
5017
2767
16096
31682
1868
30152
12282
1448
30780
1105
14482
18048
16400
16131
15923
20414
9276
10259
649
17254
18818
28873
21262
21792
184
9012
23526
24975
20683
5149
8710
4063
25092
12601
26780
12701
11914
32674
1451
21708
7209
24200
27126
15413
25425
25124
24608
12798
26466
23278
18193
26750
25638
23824
19356
23888
5279
23578
25950
29350
14084
12023
6889
13024
4614
4128
20770
29278
24407
28175
10727
17298
16237
8183
13813
29017
6788
21170
32265
29579
4834
16891
10054
4560
27742
4573
14039
10422
3363
23659
14549
17665
31666
18354
20075
2371
32294
14316
26424
4524
16060
29175
10740
18978
6546
16901
20567
27284
30639
31380
31286
3468
23364
24481
15344
5380
305
21016
27656
20859
15307
20368
29715
8008
27357
6709
10453
28205
13549
7429
28071
26415
26048
24640
10011
9381
5664
8729
16611
12432
220
26546
19183
15658
10513
6727
29142
19394
13736
1194
22135
13766
9760
17647
2272
19490
17549
1640
10863
200
30945
6100
31542
20112
24939
12755
22180
21315
21661
413
25442
20466
12306
19444
31356
909
6352
15447
2497
5041
4298
13433
30060
30656
1449
12273
15620
6711
15563
4147
26496
9276
16524
25791
31407
10103
12997
920
471
6691
10387
1528
26525
22885
29530
32066
10020
9692
31497
29752
6265
20089
3487
4206
23599
32145
18414
26622
10822
23600
31646
24446
2130
32689
13942
9263
10968
21899
20183
5751
1532
366
6537
14482
20825
24975
11451
30084
817
11584
21572
21586
1734
25027
6959
27505
12807
29024
3703
10367
15983
26805
7439
16433
18731
32334
14629
23181
7803
16501
7848
20313
21594
21835
25352
1747
30817
280
12861
21154
21737
26336
23818
21261
4464
14135
7299
15467
12862
16725
11981
4314
15175
6765
12581
8756
31316
20283
23331
28735
15454
21469
32576
14116
29242
9699
29847
16931
2172
21673
19944
22148
30357
25573
482
19153
18750
15484
26786
7746
11290
8090
12919
9337
13974
20481
15336
6511
21
26017
25336
12719
16202
32617
16808
31426
30948
18270
29118
8170
369
31978
15813
26387
22140
31094
25429
31238
4857
25403
19092
20448
740
596
22269
19138
6692
27672
13664
24011
21173
30888
19242
20291
13830
14020
10983
27417
5536
20963
12805
14736
14089
7810
13275
3637
30440
16572
21994
788
10089
8475
354
13355
11747
9134
3560
20255
9145
21851
2454
19246
32382
887
16963
23909
860
29076
29701
32019
2486
8602
16629
3197
20748
25114
22066
31187
28191
5854
25129
27747
4950
28613
16403
21005
14433
462
31934
24823
25884
30322
6289
24962
9142
17719
10955
21628
24082
11138
18955
18839
10861
22188
24085
31257
19266
29785
16083
31702
26218
7429
17562
8283
14216
19680
11695
21613
16804
24284
32010
5042
17430
15876
13913
17581
30374
16655
6984
4336
20721
25653
19968
3468
24847
21825
31981
18381
30066
1512
31685
2596
7697
14425
28102
28005
18630
14869
25919
2610
31989
16641
7249
24247
31343
7865
10999
15513
16278
15912
24132
21288
15041
8022
5356
10716
10978
17792
17670
7935
29542
19310
3856
16039
26460
4609
564
1511
20442
15628
30153
26182
12700
29284
7197
7536
5615
3899
12914
13612
23245
18345
29254
16270
20042
25740
10200
9070
6447
5010
4583
3353
15588
32148
28349
22341
10387
5926
23148
75
10634
24428
25176
32656
15073
303
29173
3908
30813
2607
31954
15952
14485
11451
2519
24201
4691
16256
971
9002
20797
28575
29464
897
7605
22786
1235
13800
23549
30959
759
22263
1695
11997
8689
4344
2060
16263
18274
22427
22403
3648
11808
3052
23860
134
2942
7297
24998
16345
6605
30200
3158
19918
11298
22433
13729
7775
12122
24695
4067
11397
15452
26709
27617
15625
8094
31078
7268
17302
31211
32222
15655
7700
24163
30183
24819
6705
4547
18910
27401
31040
20198
3264
6080
26183
13452
17119
30831
4691
16475
218
26253
27407
31523
30411
12823
8085
14950
15298
3890
26500
6936
28019
1810
16467
6563
30763
28698
5349
27438
6921
12613
861
31775
31850
21700
13619
14302
25253
11753
32136
32220
25849
5699
12726
26581
10435
1547
28716
17746
32500
3006
18809
28785
30147
26380
32678
24552
12959
19185
20425
6728
10344
2850
31191
28287
32222
14506
31418
5537
14426
29141
11427
8680
32444
26957
16802
24313
2212
26755
19572
1896
3557
20816
19356
29567
18998
25309
27317
9531
26923
17856
28166
21912
28260
9063
31831
26382
28165
19642
15107
24924
10597
13308
28751
23172
25611
15858
8186
28951
1238
11848
22037
15282
22395
13104
5141
20937
565
21580
5159
20899
951
18638
22211
1958
19814
30942
11908
6869
19909
11836
15927
25239
32560
14374
7474
18874
20174
1660
5607
25271
28609
34
12984
4408
28319
6310
3341
27863
6438
26914
4772
16681
3627
20580
13609
20219
2516
24141
14343
13019
16903
3703
4221
5339
26402
5658
3060
1425
7405
18737
12432
11362
32717
23256
3077
11009
2618
31993
25772
23090
28274
8999
214
17364
14447
27850
30816
32286
19479
31357
17543
19497
5044
12980
510
10158
29347
14754
6462
6162
20560
8282
16670
31391
20322
3892
4003
8213
1330
28530
3353
25441
17794
22563
32098
7596
22124
16968
21391
7063
8344
18486
941
30661
12210
29755
9953
32411
5915
25220
9656
32579
3807
14910
23736
11767
23784
16892
28475
31612
24177
4953
15485
1516
17853
12766
10995
1721
24584
2342
15838
25071
30654
5695
10529
15033
9963
16468
22351
12583
11762
9353
5641
11566
8835
22823
23687
23281
2759
27641
24692
15422
14557
8182
27903
29532
31370
11807
12335
11012
28972
3499
29302
16301
9712
1890
27786
3597
11845
6215
12144
2780
29841
26489
21209
2011
31010
21339
23986
18965
8039
23027
7415
21860
23392
24720
23752
4408
21331
7856
14270
10900
18881
12320
28799
22361
25496
4709
2448
24263
7850
4443
3947
2881
3166
26396
18642
26960
9381
4899
16738
30699
17712
11442
25195
11766
12513
13424
3583
30984
9087
10583
28745
6513
19885
25805
31520
32636
19741
529
16348
3569
29953
21721
7017
26078
31426
13114
26778
8087
23285
5831
11455
5372
2699
22781
29305
8442
18503
3807
18125
30805
8822
18397
3192
32676
1242
13306
6530
17053
25319
29998
21270
28818
21042
8201
15249
572
10534
12186
9945
27832
30200
28815
2288
1487
25054
10141
4809
32122
21628
30499
4442
4261
27551
18442
17138
22836
6958
14831
5837
24388
2398
24196
2790
20403
31524
17459
7180
31714
25840
5125
31800
1721
29592
18115
798
25324
8594
13659
3330
1661
11367
2180
15309
30595
32356
19365
20064
5673
24723
9971
552
18425
2282
1242
13042
26715
22721
9887
11521
8792
24458
27715
25950
6052
30140
21418
3184
30940
1040
29437
11980
29452
19184
29260
22606
5748
15916
18552
28009
6796
18672
16208
11963
9029
3571
762
6885
27538
30704
16533
8857
31015
11866
6172
25333
15744
16972
25997
23055
18470
10175
9547
18897
28206
20223
30657
15623
2818
29280
2121
25270
15972
27692
23372
13231
19375
10465
18346
5733
32352
2457
8028
29948
14294
19146
19288
31138
2646
17199
24244
25890
1362
3846
25871
13238
5867
31612
28717
1053
9908
18022
10465
29934
19897
1585
26416
27692
20416
19996
5555
32026
14798
25252
25661
24657
18925
4672
3518
12815
1069
1615
13671
27346
6377
8271
7951
17958
75
14159
18134
3003
28434
18855
7176
28346
2195
30438
25412
30553
29182
22028
989
10926
10979
31738
17536
25792
20213
17958
15127
6372
9485
15763
29678
27719
8050
9729
5140
24263
12631
3425
31493
30215
7589
28555
10117
7874
8955
16947
25551
14431
10483
32025
31983
32454
21160
29313
2413
18035
6773
3043
811
16072
23295
16099
14480
11944
26997
20099
22758
24385
9494
11416
8193
10537
8180
3963
25890
22445
17656
4096
4379
22118
7975
25516
16307
23821
9763
1826
4171
3471
13301
27871
27074
14436
2057
1063
13719
15133
31610
11327
22093
11581
19089
26589
23828
20298
6024
25821
17061
28708
2707
11317
10094
15509
13089
3627
24303
11560
3678
7878
19044
1599
22269
22146
18084
7776
566
11079
12617
24272
3594
13724
18705
12899
1230
13849
28036
22162
23015
3866
471
17102
979
1723
30481
6676
30569
25856
16748
23234
26721
16979
15614
16553
29462
6708
17816
3427
5003
30252
1519
10982
3500
17666
16889
23642
10967
12850
8346
28968
28827
4507
14464
11860
13504
13176
25676
25100
12935
13457
8690
21889
1330
7859
354
4341
11207
27997
26216
9749
31250
19132
8656
29834
6889
6361
9679
7371
1972
6930
22942
5429
6444
21447
20584
5469
5474
27221
26470
19365
24323
11592
3913
4365
10715
1228
17624
3916
22681
26981
31962
3360
26578
13024
1846
21730
2632
21386
11609
26973
23147
21407
4056
31968
17696
8453
1878
24210
4546
1850
3241
20998
11110
25484
27704
1295
3940
27016
18599
6102
1299
2996
12471
27433
723
23681
19559
10518
25681
31611
25952
15289
22022
25283
20111
9810
6657
10431
28436
29850
2535
2576
29787
13400
31288
20420
28552
11567
25299
26061
25113
19130
28861
13746
32198
27867
25886
6533
7084
4687
25996
31509
11947
4486
8588
29540
13581
21426
29014
32348
28008
17951
20953
5821
21189
30146
25087
20058
9217
2324
17714
13957
31348
3105
3871
11464
13265
17115
7354
24534
13133
30133
32386
8384
15876
27757
22534
21612
30360
2857
22696
6468
15387
17862
12705
29995
28719
23917
11589
8117
26731
7271
19336
15511
3841
1074
1986
6748
30366
8660
11183
18778
26002
31855
21434
7909
7217
21014
2171
30914
23161
5855
4478
21726
26869
27193
25926
4416
10464
30336
23185
26685
28558
28367
32478
31979
12552
7958
13869
3032
15863
17004
2054
5115
6339
5030
15804
3050
9723
19496
13811
30542
15352
1275
4448
28820
21949
11808
7376
31462
27938
4132
7276
12378
16434
3061
23611
8297
1489
3316
10728
29346
21922
24907
7110
8607
18215
27777
18705
25145
3114
26700
22391
2808
2652
10150
470
4045
14397
4130
31816
26116
16699
15745
22877
25716
13598
896
21671
29689
18083
16885
9852
9252
23911
16154
17655
30768
32519
31785
13888
56
21382
14377
22541
4776
18671
5383
16489
14834
6715
4840
7093
10882
15732
21950
11244
21747
32027
26905
19755
26755
16584
30273
9072
22980
18704
8321
21921
16789
25259
31685
31185
10321
21718
20840
5824
4422
3831
10055
24224
23145
22912
15642
1823
17479
3605
29700
25249
13887
6897
21608
7885
4847
21894
9727
19532
12524
24675
20007
5069
19382
10331
26750
15437
235
15588
19888
26261
11706
1981
31885
8708
16539
10196
6495
16014
21309
29542
30586
5
8384
25960
24852
5783
11301
31270
4439
153
11011
16170
5301
14723
2171
6751
892
23099
5229
3190
19114
3734
13036
29321
30466
1052
8176
2814
13919
13835
6987
16815
841
15007
4319
1863
11974
30097
4365
14319
15474
21469
11633
21803
17618
29897
3532
5886
20966
25635
20801
6229
27133
18890
4037
8867
15565
12912
4049
23752
9923
21917
1113
24887
32408
31991
26370
32600
24869
28866
17040
11307
28536
3491
413
26159
13095
26537
5521
4226
7396
7821
2510
2377
20818
18233
22315
32594
14360
3720
2980
19192
307
31053
6736
20039
5264
26006
26515
8289
8154
12594
26004
2080
13969
10608
21745
2557
14428
10282
32178
3377
29088
514
29820
23578
10833
10732
16391
991
5896
11757
29394
22359
24662
28962
3350
6439
13401
18179
15096
4395
5772
21481
17154
4376
25059
22222
14548
11359
12568
16468
18455
10068
8511
15113
11187
24975
8865
2282
9538
16274
19399
23078
2244
22445
25301
292
12436
26143
4378
10182
28059
19582
29924
27120
18371
8281
1433
31044
8878
3355
32259
11824
6825
3378
16620
10795
11739
15985
27627
28475
1474
21939
3197
4283
29921
30146
11095
24923
31922
28023
8699
17000
28642
8482
28298
30798
1213
9003
31193
10331
27624
16378
966
25541
16206
277
10701
25583
23900
27528
15318
23528
1137
32138
21329
820
17040
12125
24709
15824
3417
31606
8741
1392
5687
12766
15141
30731
11994
6872
23243
12185
20968
11460
11017
18204
9199
22851
30986
12509
159
13724
19467
16888
26678
607
24172
5914
24891
22088
11527
13962
8815
28773
4288
4966
6401
30075
5725
22064
7937
7335
2201
3721
30231
3905
24691
12859
23157
5
4044
3453
16906
15733
23089
2163
7160
17273
12278
26101
9289
4169
16260
24465
8157
16524
12531
17107
5287
14018
16348
29635
21018
20959
10088
30896
24029
30520
5293
29484
6342
29603
4923
10840
12294
30682
10225
2658
11937
13345
3606
15691
17186
22313
19109
16622
3468
29747
2535
7742
2451
5240
31559
9679
26892
30665
8035
21912
29347
18547
15455
19447
14540
18021
27774
27637
15612
11669
31475
5836
21272
23455
756
7846
22830
30895
1297
22184
5987
10146
26308
25647
23596
360
4169
13657
10433
24493
7343
16584
463
15032
20528
29346
14445
7827
18622
27356
16210
31596
7390
28857
24645
21819
23737
16269
26068
5797
10608
4295
3401
2848
22193
1838
21722
17497
19080
24427
31264
28371
3959
2504
15563
22992
19656
4407
14739
13940
6434
29590
29042
21032
23387
20273
20752
20541
11661
2441
19583
9937
30316
21332
25384
25335
11478
11716
8197
30738
31148
21772
27153
7810
11233
13345
14589
1411
13008
17853
549
23633
4819
1706
29122
30353
2065
23869
17505
4076
19351
6689
21652
29437
11947
30293
12519
1901
92
12920
19989
2908
29022
15173
10620
31747
27157
30554
28623
29080
1776
8765
31755
29298
12024
22688
17068
366
30889
14820
32032
27537
20736
17117
10620
6383
6357
17877
12910
25803
11371
9171
21362
16639
2374
11037
3401
10399
1596
16123
16040
9689
20943
11454
13613
28447
10938
20993
19094
24457
1738
30767
25141
20084
7151
2373
23199
2672
32659
473
18341
31577
20522
17500
2181
12227
7435
12700
3681
22939
126
10892
26351
32268
8214
24392
24435
23712
1857
3924
21482
20904
4125
7972
32392
14301
20109
9954
23397
3399
12685
24171
29812
24414
20162
2715
10676
17008
3157
20426
18858
22594
7426
3478
3598
10746
620
10211
20677
22844
2484
24865
3343
27796
30281
10702
258
15124
20226
2363
823
15166
362
914
24771
14628
20315
8472
22376
14285
15054
31408
13
475
25585
28577
15724
11627
3450
26776
779
5949
15163
19441
2157
6421
7927
1842
15497
32608
18293
20952
3451
539
17874
3415
22650
17649
15643
26204
5642
8867
4124
6997
5746
18349
8562
3123
25201
24615
23016
30574
5165
23785
26880
2122
15468
5106
29647
6746
10246
16395
9742
22082
6555
9127
22895
3008
19329
21262
18221
27886
19968
27066
30695
3777
5570
12033
26030
21206
20101
28149
1117
7790
17939
1161
9256
695
884
28149
25208
14925
24162
19547
7415
8192
11005
13738
6886
728
19904
18371
24759
31574
19380
18394
25048
9725
10979
20767
1229
26385
14096
22174
11649
7071
32421
31844
16862
23485
7149
3044
23707
12819
7811
1945
8789
27802
10507
8684
27874
27300
5919
6999
16610
3101
16268
19403
16790
9744
9919
23375
5878
8300
13690
28139
31229
8457
18380
18116
23368
26598
10303
9864
22495
16565
19283
26892
28755
11673
24363
9780
13833
12078
903
23060
25301
19914
15858
22612
3786
18434
32317
3801
30801
2672
18219
23457
4729
21684
20334
31215
19854
12217
11986
19113
19949
6458
27577
31742
1302
2180
31943
21579
24835
12413
4830
9280
1465
8933
16205
9279
17692
14556
19012
16644
18695
25764
19852
7051
9116
20649
26484
16430
14809
28606
6671
22799
15468
25258
10908
24501
8905
22243
5446
4602
23673
17049
26894
11812
11445
8694
8197
14930
25651
6565
18366
23322
27968
8849
3587
32112
24079
8943
1479
22473
1361
6270
14428
1665
9477
14349
22246
18298
20370
9791
8208
6407
6931
11659
19965
16392
7922
5510
8322
31062
28600
32613
22418
23137
3363
27581
12793
9495
30330
19854
17485
4872
22813
20096
15394
23496
3424
10348
25470
31381
21913
14366
30861
30522
4984
11610
11669
13875
26519
31772
25899
5138
28498
29476
32424
20514
5337
7090
18135
2633
9603
18063
24816
22579
8806
27212
15306
13740
32548
14030
26444
21582
17159
523
24101
3677
16465
29198
6076
239
21965
2113
30314
4432
28330
29163
26088
24996
13449
16888
15875
30926
10197
30713
15767
8593
4691
30827
12730
17653
2042
23100
7480
17389
27140
11659
29760
5174
8261
8112
16476
9346
31932
8316
16550
19414
32104
27841
23098
18481
24668
8725
27879
4206
15894
16340
24618
32107
7693
14692
31836
3691
14729
32189
25642
19641
24759
6184
16966
4751
13821
20038
32604
14645
13195
24405
5192
29293
12083
18607
19590
20751
20602
13203
3305
17649
11503
28712
29328
3593
32443
8639
24087
27350
10618
89
16138
1531
329
21353
13215
26414
2080
2523
20644
27472
5475
4948
9654
2013
7091
24252
20916
23943
266
8698
15219
24094
15623
20222
17075
2483
12678
23045
32082
1789
29044
13592
21696
6908
27106
9430
6067
17371
8535
21108
21532
31515
363
16130
3417
25326
24209
31728
8876
25313
12853
19664
31212
30654
15111
5725
17018
15025
30614
16061
25719
25513
12064
25347
28724
19201
31912
1528
8682
11872
4170
7195
19884
15582
6860
6374
18329
11880
6005
24915
7254
27237
26658
18335
11708
409
30614
29774
1997
32586
22034
24687
493
21922
1061
17697
79
26965
24518
9302
27053
132
26528
20183
9532
6368
18605
2953
13535
26898
27142
17390
16282
4443
27386
23022
8266
16247
18269
2776
19604
18888
5666
932
10268
1456
5677
2683
6135
23871
32098
24953
27234
26638
15874
18097
26292
2922
13879
13681
6545
26037
32237
19656
12641
2314
18148
32582
32512
18720
771
28675
28343
8305
17648
8418
3436
28827
3805
22039
28181
8710
933
21223
883
26311
11799
21423
16892
9412
21137
26920
7705
19225
32466
6377
14993
5819
19465
26414
23365
2651
1841
11735
28703
7566
13217
25780
19525
26410
7135
16127
23954
18163
25782
16938
30790
21111
22152
14812
2812
2358
20709
11574
20189
5126
7259
14682
18452
5046
3728
29998
10881
17138
13455
16989
30386
28518
30560
12191
25359
3623
28379
20539
25940
28494
22205
11466
28741
21734
23036
12605
14749
28936
10328
15393
7239
3908
2611
13090
27344
27971
26274
16590
17949
1707
28612
8092
19545
22595
26963
5677
13362
24152
15736
2257
10309
21087
21476
17485
30422
27611
24348
26076
27077
10369
5140
1139
23229
24474
32768
32585
22447
9386
28775
5527
27519
15695
8569
11164
24317
11883
9890
24805
1558
9349
16735
23499
27980
15213
6737
28221
31587
26911
4240
30656
23389
4074
4929
10419
17065
31698
14699
2776
26520
20274
3078
29456
15376
8870
13909
16486
16516
23591
4214
3151
803
376
14392
12336
8016
2498
11308
17441
20819
29307
7423
31473
29262
7051
26886
32618
28786
11954
30235
14038
6002
5668
23976
3266
15672
18039
7937
11265
9944
24511
19447
18676
14786
27128
25514
24841
19771
12452
20382
4994
12302
436
14097
30584
13950
21420
7308
4895
25728
5891
31161
22603
2087
14024
19828
18995
22624
3212
20516
12405
27615
19323
16972
31579
7257
9932
2397
15709
10740
14172
3791
24039
13052
25749
5487
26972
21463
21653
30971
8794
827
10124
3052
14400
32414
614
1939
18157
23278
11435
16999
971
3459
17827
8350
15373
338
21693
29434
2100
3171
14641
14310
22744
22917
15589
29377
16549
6720
20110
3450
8100
5387
10007
30813
5051
25535
24134
31788
21112
30284
12957
29298
20490
11690
2174
22548
22416
8979
25747
28201
30871
28528
25965
23819
28125
1809
107
3502
24923
32160
1502
11569
12675
18008
12394
3763
7111
17522
17328
24424
28762
16352
32297
24812
13114
4670
25173
7639
20078
8198
6934
19601
14732
29187
32598
21608
14975
776
30960
10463
9095
5601
21198
28489
12929
10122
12879
8855
30057
20895
16363
10607
22557
12564
17177
4734
16228
9510
13680
27406
21806
31377
4365
25563
27166
22276
24118
14370
4165
30930
17468
2812
21297
7914
8614
12010
12582
11529
28555
2993
14763
24622
29760
5736
30024
10063
2356
4047
31375
29770
30743
31970
21593
6430
13122
3502
7506
1371
27987
26212
29880
30679
21527
32428
12383
30883
29358
2875
28665
12093
32489
9640
30100
26887
5623
9851
26468
25592
11329
25992
24259
12690
13458
21627
26742
17940
17019
10163
23090
2032
11254
340
8542
29567
28233
21143
28443
9972
23085
26469
25986
27279
19248
20517
10796
2323
28248
7634
504
3193
23561
9296
23048
13030
2344
14080
25101
12251
21377
5010
7109
3499
11622
28442
962
17203
11417
22886
14188
20933
109
27279
15433
32613
4903
28367
19580
312
23210
1170
19596
10809
7252
24784
20071
29230
10275
11673
17831
26843
20252
14066
20755
26997
6381
23007
15721
8793
31953
27073
9563
17662
8628
32738
21207
29224
27032
26959
17803
13919
19511
9958
681
10912
17641
13231
4583
3410
22473
1392
19403
26491
29203
31611
23845
4660
10705
12235
9181
12379
8375
24143
18670
28807
3659
22150
15283
11073
13641
11084
29282
12657
18501
5364
5078
24342
402
14742
28305
17978
29283
20394
24833
1574
19760
20182
5890
8914
12123
8965
16549
28831
11796
5561
9775
26696
10874
24994
15717
30486
12546
9327
9223
8020
26653
8932
9115
32003
21013
4909
8811
719
26168
24946
9681
833
17721
8875
18866
23093
3283
10678
20809
19087
3759
29350
13606
25642
28296
22623
21110
1553
27533
18528
8068
20722
22791
26847
2432
7631
2619
25883
24448
19703
13714
21486
28356
309
4855
27809
13374
6983
14721
32261
18257
2449
82
23487
25050
16403
26303
13796
10605
27801
18353
3782
7649
15153
23626
17165
20750
16098
20940
22537
19413
21147
30391
1094
17505
1642
17202
9825
2477
27886
16556
7707
18502
23823
5315
15276
3155
31724
13157
14682
9426
8981
31797
29513
19492
30459
18224
20885
14796
16805
9360
6302
372
26020
21488
5027
25392
32072
14002
19859
28935
31252
16798
19487
11696
22640
12747
276
2201
15262
2243
26088
23342
1519
5090
30098
19287
16695
767
30879
14146
27518
21071
22403
3684
31736
2949
26413
15290
13368
8766
25566
1365
4512
28573
3642
1301
29468
4402
7840
7861
18192
12065
695
5895
21902
28032
6473
12417
31437
3328
24661
28921
26070
32464
18783
29869
12161
28606
10251
29318
23968
3744
28394
21918
9850
4594
11924
4095
2171
16576
2807
2734
2601
711
6894
22248
13914
15319
26134
1195
10404
30331
29917
17016
15894
8668
9947
10840
15909
26339
17254
24605
4073
22686
30816
25834
20362
997
15188
17397
22517
8765
16577
31884
5331
29692
32182
19798
12475
1454
26527
17628
29606
25784
26207
15175
26020
1851
11423
6507
2510
27451
27237
4357
17788
12545
3560
10817
18360
13501
1699
19072
1266
27504
16040
6231
6901
1801
15927
24795
12569
9678
11663
25116
10426
4350
10500
7919
12778
20149
6994
8177
6243
2831
4657
17864
23743
7312
16681
4268
28140
10180
9896
295
5850
9762
1874
30232
29814
21558
13208
11262
2012
19200
19340
16755
14536
18583
29939
25847
23630
27665
14236
4079
5068
26791
29681
29421
6172
29717
10188
30514
17678
29760
30092
31090
30997
12315
8551
8663
7488
1995
30978
32072
26988
30730
22846
15338
14521
27849
18005
14567
570
10009
18983
12143
18929
14923
3278
16637
7674
25686
23416
12508
29702
17786
4470
30953
31499
15139
6032
7066
13626
25104
28060
22335
28210
948
29263
7816
24947
29405
23890
31304
9493
7059
8088
14456
11450
19011
7664
3199
30913
28189
31190
1201
17852
23226
23695
30997
20516
19714
30837
22379
76
14157
13455
28781
4756
6344
13924
10838
4063
25627
15889
15521
10823
14664
2202
22803
21007
30422
11390
26107
5848
26160
9358
11705
10520
1864
31998
10109
4041
16255
22205
15697
26206
28617
13570
13146
14075
13836
18728
5210
17637
24010
12475
18298
23352
17408
22995
13127
29656
12878
416
4602
19113
30039
327
23292
12547
12907
23788
26025
13664
16484
18704
10581
29528
1997
6686
16012
8144
11850
21056
1438
9582
4403
16759
5723
25936
21379
27627
23836
28669
753
10880
2307
19099
6236
14761
12163
5219
22380
10881
18722
8275
20855
27160
27517
22306
4001
21258
25741
30073
10312
32087
6954
31328
17311
16494
22733
23031
21400
7051
24730
18534
776
30787
30622
12566
8198
31582
16981
11810
1427
22500
7023
5128
18561
22650
18387
26021
11149
4847
11237
17504
7887
31251
26116
12453
20052
16840
29271
11925
1033
18779
15306
8955
24794
20
15955
31874
12572
30731
7802
32038
24616
6974
23064
14313
20297
14049
30303
5831
5081
20725
20250
31979
24742
31772
27446
22819
7835
7596
31362
15506
30876
23042
24755
18853
24241
6937
29099
3912
17511
25947
17147
9305
7795
28342
13990
5980
25497
11251
9000
1649
5324
18499
15542
29572
4247
15131
9160
10436
13755
28738
15573
16726
6426
13865
13661
10826
21203
26234
23085
12238
9903
31987
8927
27297
3004
4213
5792
8651
22327
25176
28214
29836
3759
30722
5953
24722
9576
29368
31936
30830
10494
6579
14552
24137
8522
19063
5073
22227
10121
17248
29794
2173
30907
31870
9518
15080
1866
675
5006
10909
20460
2233
27537
17662
30154
9049
13633
24701
27106
25242
22312
17675
8618
15911
8723
6355
8438
1941
18966
1321
23323
22259
28880
10173
12117
9634
9456
9237
1126
2919
31480
26938
18304
20926
9026
32689
21093
20849
8512
29612
31949
20074
2055
12162
23816
17861
24591
23133
31716
25130
6708
3890
32721
2650
13313
32759
4931
15879
28974
22800
2648
13545
20071
30986
3003
29710
4432
20619
16584
19826
6597
32393
20721
32207
22630
31931
11360
23734
3667
28749
27101
21215
14900
29400
15347
2750
22141
26513
16718
3926
19696
12481
13416
19794
17251
22901
15973
10834
9667
1910
28987
9859
4441
18811
11541
15474
1356
5534
29946
29474
31847
3085
30377
22108
21533
20994
18888
18758
9418
6389
10814
26423
28476
9744
12766
26314
17266
28131
21829
13105
17571
6233
10245
12236
11907
234
11267
23034
16321
1811
12317
15664
11732
17155
528
27976
1527
29336
30617
31515
8050
12937
4827
5969
796
22501
17921
22392
27678
32188
6692
20820
17913
6939
15727
118
19403
13630
15489
10768
11470
514
27410
13064
23073
3737
16346
7243
25035
16001
10158
6500
31485
14007
5101
30029
10135
2344
18458
14725
3822
13416
10954
19298
30156
19366
7617
29609
30649
23264
8536
1116
25977
23379
18210
4307
27862
19510
14286
27662
28064
17319
20559
24906
8177
3046
6715
23250
28597
8385
9073
27416
12650
8527
30975
27652
5157
2529
18755
10380
29910
18998
29008
17541
30412
3054
31122
22201
1404
15681
17846
26937
9086
13297
31684
21493
10968
31869
26254
9609
25215
10648
22350
3674
3355
14297
19083
482
21771
22964
21564
584
14761
16297
5936
18996
25039
12475
19373
18657
30618
1828
6488
9332
29037
25927
18516
13964
27705
14054
3502
14106
31484
21141
30457
2419
3976
20335
14645
24483
24710
25351
26358
10244
28858
23458
20930
30992
7049
2723
6842
28532
19128
13126
13948
12901
14710
20881
26697
4663
26781
19848
30819
29996
10293
28321
10681
1674
23098
9079
12998
23536
21150
29122
15799
1257
30866
8839
13260
14530
3330
32396
22528
5785
14942
12047
29932
11191
20896
5815
8681
13344
22667
14027
25461
18791
19760
29858
10968
29639
17079
21339
30983
20848
15196
30158
10440
18463
25528
31937
9239
29937
4930
5472
2248
20089
13845
19431
111
11536
1012
30370
20349
11628
10379
19735
24491
8565
16631
32642
18844
851
21129
25217
8637
7884
7879
785
3185
25805
30900
14009
23915
7494
32594
31749
18010
27451
24932
16182
22732
22297
3704
22328
24396
21318
31013
20180
20942
28411
20114
20007
26958
11094
18231
14419
5811
9899
29928
20852
24825
4636
12815
214
28303
9577
5689
869
15870
1289
5076
8804
20940
20089
9014
16994
21408
16084
7906
24170
29350
10148
13575
17275
309
9719
4682
8247
5552
20406
10693
15583
12970
19251
15952
28543
14925
1281
4351
8294
12540
30728
22764
29401
4919
15320
26678
26121
17087
19774
8777
578
20219
17685
10080
26212
7323
29023
22857
18839
12411
1173
7528
17723
8650
20283
32767
31518
30571
14262
7341
27634
29851
25698
28724
4606
6357
19424
30591
5139
22258
8109
16355
9410
18325
17657
19621
25036
23238
20406
30140
18394
19677
13295
9177
3694
25250
8539
3493
26
12466
15666
23113
8944
29221
11839
19764
17721
12909
12087
24344
17002
20097
6985
26678
5203
4412
10486
16348
1178
28415
18211
29996
4712
9374
20588
1310
24674
15738
2236
12745
16091
17642
6426
24286
9799
9952
32198
6005
13811
969
6789
8460
2804
31668
26937
16332
862
13495
30388
4111
16822
8334
8654
6432
1193
17798
20661
32065
9981
3738
4229
27379
23497
26331
21273
13169
31457
9237
16160
10878
29077
1199
18035
13152
11163
17619
30374
7981
2121
3791
14300
16453
12295
19131
28128
22304
24069
4444
12146
15434
29225
17993
2015
27563
24396
7500
30421
21772
18853
3851
8820
5591
27013
232
28584
30
1605
9253
29879
4831
7549
20556
31254
18311
2679
23758
32129
22708
16868
15850
27466
26175
30157
26832
498
6778
13772
17159
5110
13494
24443
8460
7147
7433
29485
6204
22221
25934
8412
10227
22677
23404
8547
32246
20233
4316
12269
23054
26328
31589
14254
21750
1766
4906
2513
3703
21989
4583
12209
1746
15909
14200
11595
10078
25517
14235
18420
15986
16522
13558
9543
29317
23399
27996
22114
28820
19550
31564
9042
22981
1038
20666
10955
13385
2286
20242
10780
25478
7904
8315
355
27510
3338
13913
18429
842
30177
4373
1345
15188
30086
13600
24942
14883
31318
28981
25313
21744
3005
23007
2956
1849
29514
7740
27299
3499
31753
6656
30360
10309
15373
18620
17226
18363
7244
32353
26746
10776
4784
2304
11390
10920
17002
8147
18233
18709
30346
17281
20810
11216
10956
29598
13188
8626
5813
23921
10910
26340
28383
26619
13100
12540
20626
16692
29134
18024
2963
20632
27560
9488
15937
13026
8978
31799
30685
8984
27792
32162
21802
29895
4100
18941
19254
912
2594
31866
5239
15331
549
6587
29721
8459
18368
26098
17303
29803
27992
26183
32393
25095
21104
4474
16573
22086
12901
29641
27272
24822
2907
18964
24414
18832
29047
22591
4769
14525
8783
32472
22199
6938
27806
21497
8799
8504
16445
17264
16453
232
31310
31262
7380
23477
16826
8349
9803
28337
2015
10534
29459
28533
386
13489
8784
14947
11275
21341
10934
13870
13041
9235
2973
4253
18803
5990
5208
14475
19593
22974
13763
14643
16666
10422
4636
23210
623
6082
16148
11181
13544
2069
28197
22685
20717
22466
28453
29640
23080
3105
16668
4842
5873
31604
9555
26100
23562
14794
26797
11019
16525
19748
22330
9172
20002
27863
3594
28655
373
20529
7999
28865
12008
20575
15462
6775
8069
24974
23304
22087
31286
10065
1915
23033
19768
10307
23038
6311
19405
25837
16902
12481
5169
21994
7122
31571
4560
5448
17477
8331
20406
14130
7925
21878
20295
5580
17024
9994
14128
5215
16159
30313
28317
7606
13181
2660
30893
25032
9161
23102
9250
5783
18185
30131
25438
16471
16050
11833
24715
17619
27766
25990
8729
19981
23134
9554
21357
16420
26904
25694
1495
18043
14482
7349
32197
15384
32456
5938
24631
29514
16602
4162
21619
8335
8801
6635
28154
27828
16131
24334
29370
29246
16965
11241
20869
10761
12705
24543
23746
2863
7385
11388
7523
25131
10378
17844
21015
9023
9988
26475
28352
15379
13145
21563
12327
10398
692
12657
6126
20297
24556
25688
25799
26706
1369
21691
23268
29807
18663
14501
28847
1717
20072
19819
13242
26039
13359
8684
31225
18418
28122
22040
13103
12137
16751
29615
28326
10380
6827
17483
26915
28766
10390
18593
14105
17879
31067
13572
24349
27271
2135
5931
30874
5757
29296
2355
8902
25447
17576
5607
26580
29435
6385
12864
24684
21653
30020
28712
11096
28193
8429
20099
3456
27707
25641
19056
19992
32149
26098
5580
8984
23961
7194
5881
16876
29264
407
5597
26733
387
1822
14893
29201
16672
29171
16107
19806
18142
7423
32557
26021
6948
20515
16417
21740
29480
8652
23630
29228
22100
5831
13340
4029
13037
29783
1943
32270
9718
30853
7536
9881
31314
27832
23364
21270
9002
18053
13089
29935
13710
19144
2631
245
9567
26356
32043
13137
18796
13479
9410
20413
27355
23426
16635
12788
25547
17719
27790
16998
4407
22499
15860
9009
7197
10911
31158
10573
24032
26705
14827
30214
25580
21705
12028
17584
22168
10249
23979
16534
18256
13283
32340
30515
10739
1994
24946
15013
32122
1762
32100
2142
26587
9305
2418
18461
18732
14842
18955
30492
2572
11519
29264
5003
10559
21799
16087
23614
19608
23049
11688
14499
22812
31400
30604
23798
22116
29511
11912
32440
8515
30079
9636
11613
12713
26254
1520
9029
30663
22514
13513
8941
5236
28215
28505
13415
28880
10765
16221
22279
31015
18333
11563
31584
32536
10269
21235
22894
1782
31138
13637
30485
1134
4406
1235
29386
19050
11051
11641
26257
12854
1455
22138
30503
15841
2464
14349
25472
14823
30113
27160
10356
8716
16237
4155
3253
19851
8043
1808
10500
9840
31363
30385
16548
28739
7729
28283
32271
25062
727
28178
26601
5824
2136
32677
8754
6940
24802
18292
20415
6091
7691
11407
10219
24849
5152
32480
5258
27839
1977
15979
27678
29596
22929
26581
7246
16905
9365
27171
22675
31717
571
10693
8501
22447
26901
13523
13942
5354
22950
3222
19468
12742
19828
